Time	Interstls	Vacancies	Recmbtns	VcncySfc	IntlnSfc	defects
0	176	176	0	0	0	352
480052.8125	145	142	31	3	0	287
1479417	66	47	110	19	0	113
6751765	40	9	136	31	0	49
20212248	35	3	141	32	0	38
43467604	34	3	141	32	1	37
66798308	34	3	141	32	1	37
90253072	32	3	141	32	3	35
113781896	32	3	141	32	3	35
137422272	31	3	141	32	4	34
160928656	31	3	141	32	4	34
192098768	30	2	142	32	4	32
225584944	29	2	142	32	5	31
259022320	28	2	142	32	6	30
293262848	27	2	142	32	7	29
327268128	27	2	142	32	7	29
361334048	27	2	142	32	7	29
398612096	24	1	143	32	9	25
459882144	21	1	143	32	12	22
522777888	19	1	143	32	14	20
586782528	18	1	143	32	15	19
653047936	15	1	143	32	18	16
719905408	14	1	143	32	19	15
787488896	14	1	143	32	19	15
855247680	14	1	143	32	19	15
922737088	13	1	143	32	20	14
991041024	13	1	143	32	20	14
1059587008	13	1	143	32	20	14
1128028288	13	1	143	32	20	14
1196593408	13	1	143	32	20	14
1265729664	12	1	143	32	21	13
1334815488	12	1	143	32	21	13
1404231808	12	1	143	32	21	13
1473666944	12	1	143	32	21	13
1543081600	12	1	143	32	21	13
1612633344	12	1	143	32	21	13
1682071552	12	1	143	32	21	13
1751564160	12	1	143	32	21	13
1820812032	12	1	143	32	21	13
1891042560	11	1	143	32	22	12
1961427712	10	1	143	32	23	11
2033247744	9	1	143	32	24	10
2105348608	9	1	143	32	24	10
2177598208	9	1	143	32	24	10
2248908544	9	1	143	32	24	10
2320644096	9	1	143	32	24	10
2392725504	9	1	143	32	24	10
2464812032	9	1	143	32	24	10
2537119744	9	1	143	32	24	10
2609180160	9	1	143	32	24	10
2681174784	9	1	143	32	24	10
2753190400	9	1	143	32	24	10
2825268736	9	1	143	32	24	10
2897293056	9	1	143	32	24	10
2969433856	9	1	143	32	24	10
3041284864	9	1	143	32	24	10
3112935424	9	1	143	32	24	10
3184985088	9	1	143	32	24	10
3257017088	9	1	143	32	24	10
3329008384	9	1	143	32	24	10
3400881920	9	1	143	32	24	10
3472863744	9	1	143	32	24	10
3545408512	9	1	143	32	24	10
3617389056	9	1	143	32	24	10
3689256960	9	1	143	32	24	10
3761188096	9	1	143	32	24	10
3833201920	9	1	143	32	24	10
3905421824	9	1	143	32	24	10
3977644288	9	1	143	32	24	10
4049750272	9	1	143	32	24	10
4121775616	9	1	143	32	24	10
4193664768	9	1	143	32	24	10
4265646848	9	1	143	32	24	10
4337052160	9	1	143	32	24	10
4407836160	9	1	143	32	24	10
4478790656	8	1	143	32	25	9
4550987776	8	1	143	32	25	9
4623071744	8	1	143	32	25	9
4694732800	8	1	143	32	25	9
4766439936	8	1	143	32	25	9
4838130688	8	1	143	32	25	9
4910002688	8	1	143	32	25	9
5305207808	7	0	144	32	25	7
6126823936	6	0	144	32	26	6
6988443648	6	0	144	32	26	6
7919388672	5	0	144	32	27	5
8961562624	5	0	144	32	27	5
10001470464	5	0	144	32	27	5
11042277376	5	0	144	32	27	5
12074249216	5	0	144	32	27	5
13109171200	5	0	144	32	27	5
14146600960	5	0	144	32	27	5
15186046976	5	0	144	32	27	5
16225107968	5	0	144	32	27	5
17263456256	5	0	144	32	27	5
18297931776	5	0	144	32	27	5
19451641856	4	0	144	32	28	4
20747493376	4	0	144	32	28	4
22071797760	3	0	144	32	29	3
23793383424	3	0	144	32	29	3
25515778048	3	0	144	32	29	3
27240910848	3	0	144	32	29	3
28966287360	3	0	144	32	29	3
30688886784	3	0	144	32	29	3
32407992320	3	0	144	32	29	3
34127912960	3	0	144	32	29	3
35852767232	3	0	144	32	29	3
37577756672	3	0	144	32	29	3
39309180928	3	0	144	32	29	3
41040699392	3	0	144	32	29	3
42761535488	3	0	144	32	29	3
44478185472	3	0	144	32	29	3
46195699712	3	0	144	32	29	3
47921389568	3	0	144	32	29	3
49642090496	3	0	144	32	29	3
51351744512	3	0	144	32	29	3
53079330816	3	0	144	32	29	3
54794911744	3	0	144	32	29	3
56512217088	3	0	144	32	29	3
58246922240	3	0	144	32	29	3
59960193024	3	0	144	32	29	3
61673680896	3	0	144	32	29	3
63389192192	3	0	144	32	29	3
65110437888	3	0	144	32	29	3
66823049216	3	0	144	32	29	3
68546236416	3	0	144	32	29	3
70257295360	3	0	144	32	29	3
71978729472	3	0	144	32	29	3
73687392256	3	0	144	32	29	3
75714748416	2	0	144	32	30	2
78295130112	2	0	144	32	30	2
80879149056	2	0	144	32	30	2
83463880704	2	0	144	32	30	2
86038233088	2	0	144	32	30	2
88632000512	2	0	144	32	30	2
91192664064	2	0	144	32	30	2
93772726272	2	0	144	32	30	2
96343515136	2	0	144	32	30	2
98916204544	2	0	144	32	30	2
1.01479E+11	2	0	144	32	30	2
1.0406E+11	2	0	144	32	30	2
1.06632E+11	2	0	144	32	30	2
1.09219E+11	2	0	144	32	30	2
1.11791E+11	2	0	144	32	30	2
1.14376E+11	2	0	144	32	30	2
1.16966E+11	2	0	144	32	30	2
1.19547E+11	2	0	144	32	30	2
1.22122E+11	2	0	144	32	30	2
1.24685E+11	2	0	144	32	30	2
1.27262E+11	2	0	144	32	30	2
1.29842E+11	2	0	144	32	30	2
1.32412E+11	2	0	144	32	30	2
1.34991E+11	2	0	144	32	30	2
1.37569E+11	2	0	144	32	30	2
1.40127E+11	2	0	144	32	30	2
1.42678E+11	2	0	144	32	30	2
1.4524E+11	2	0	144	32	30	2
1.4778E+11	2	0	144	32	30	2
1.50338E+11	2	0	144	32	30	2
1.52881E+11	2	0	144	32	30	2
1.55434E+11	2	0	144	32	30	2
1.57984E+11	2	0	144	32	30	2
1.60537E+11	2	0	144	32	30	2
1.63087E+11	2	0	144	32	30	2
1.65637E+11	2	0	144	32	30	2
1.68165E+11	2	0	144	32	30	2
1.70723E+11	2	0	144	32	30	2
1.73272E+11	2	0	144	32	30	2
1.75807E+11	2	0	144	32	30	2
1.78358E+11	2	0	144	32	30	2
1.80896E+11	2	0	144	32	30	2
1.83446E+11	2	0	144	32	30	2
1.85973E+11	2	0	144	32	30	2
1.88523E+11	2	0	144	32	30	2
1.91065E+11	2	0	144	32	30	2
1.93616E+11	2	0	144	32	30	2
1.9617E+11	2	0	144	32	30	2
1.98719E+11	2	0	144	32	30	2
2.0126E+11	2	0	144	32	30	2
2.03796E+11	2	0	144	32	30	2
2.06345E+11	2	0	144	32	30	2
2.08896E+11	2	0	144	32	30	2
2.11441E+11	2	0	144	32	30	2
2.13983E+11	2	0	144	32	30	2
2.16545E+11	2	0	144	32	30	2
2.19092E+11	2	0	144	32	30	2
2.2163E+11	2	0	144	32	30	2
2.24176E+11	2	0	144	32	30	2
2.2671E+11	2	0	144	32	30	2
2.29251E+11	2	0	144	32	30	2
2.31799E+11	2	0	144	32	30	2
2.34336E+11	2	0	144	32	30	2
2.36881E+11	2	0	144	32	30	2
2.39417E+11	2	0	144	32	30	2
2.4197E+11	2	0	144	32	30	2
2.44515E+11	2	0	144	32	30	2
2.47053E+11	2	0	144	32	30	2
2.49597E+11	2	0	144	32	30	2
2.52149E+11	2	0	144	32	30	2
2.54693E+11	2	0	144	32	30	2
2.5724E+11	2	0	144	32	30	2
2.59784E+11	2	0	144	32	30	2
2.6233E+11	2	0	144	32	30	2
2.64871E+11	2	0	144	32	30	2
2.67414E+11	2	0	144	32	30	2
2.69962E+11	2	0	144	32	30	2
2.72508E+11	2	0	144	32	30	2
2.7504E+11	2	0	144	32	30	2
2.77473E+11	2	0	144	32	30	2
2.79907E+11	2	0	144	32	30	2
2.82332E+11	2	0	144	32	30	2
2.84757E+11	2	0	144	32	30	2
2.87176E+11	2	0	144	32	30	2
2.89605E+11	2	0	144	32	30	2
2.92018E+11	2	0	144	32	30	2
2.94436E+11	2	0	144	32	30	2
2.96863E+11	2	0	144	32	30	2
2.99287E+11	2	0	144	32	30	2
3.01718E+11	2	0	144	32	30	2
3.04147E+11	2	0	144	32	30	2
3.06572E+11	2	0	144	32	30	2
3.08987E+11	2	0	144	32	30	2
3.11411E+11	2	0	144	32	30	2
3.13823E+11	2	0	144	32	30	2
3.16258E+11	2	0	144	32	30	2
3.18669E+11	2	0	144	32	30	2
3.21098E+11	2	0	144	32	30	2
3.23528E+11	2	0	144	32	30	2
3.25948E+11	2	0	144	32	30	2
3.2837E+11	2	0	144	32	30	2
3.30789E+11	2	0	144	32	30	2
3.33211E+11	2	0	144	32	30	2
3.35627E+11	2	0	144	32	30	2
3.38058E+11	2	0	144	32	30	2
3.40479E+11	2	0	144	32	30	2
3.42912E+11	2	0	144	32	30	2
3.45322E+11	2	0	144	32	30	2
3.47746E+11	2	0	144	32	30	2
3.50174E+11	2	0	144	32	30	2
3.52595E+11	2	0	144	32	30	2
3.55023E+11	2	0	144	32	30	2
3.57447E+11	2	0	144	32	30	2
3.59852E+11	2	0	144	32	30	2
3.62283E+11	2	0	144	32	30	2
3.6471E+11	2	0	144	32	30	2
3.67144E+11	2	0	144	32	30	2
3.69562E+11	2	0	144	32	30	2
3.71996E+11	2	0	144	32	30	2
3.74422E+11	2	0	144	32	30	2
3.76847E+11	2	0	144	32	30	2
3.79273E+11	2	0	144	32	30	2
3.8169E+11	2	0	144	32	30	2
3.84123E+11	2	0	144	32	30	2
3.86537E+11	2	0	144	32	30	2
3.88966E+11	2	0	144	32	30	2
3.91388E+11	2	0	144	32	30	2
3.93807E+11	2	0	144	32	30	2
3.96243E+11	2	0	144	32	30	2
3.98671E+11	2	0	144	32	30	2
4.01096E+11	2	0	144	32	30	2
4.03511E+11	2	0	144	32	30	2
4.05937E+11	2	0	144	32	30	2
4.08343E+11	2	0	144	32	30	2
4.10756E+11	2	0	144	32	30	2
4.13197E+11	2	0	144	32	30	2
4.15613E+11	2	0	144	32	30	2
4.18025E+11	2	0	144	32	30	2
4.20461E+11	2	0	144	32	30	2
4.22871E+11	2	0	144	32	30	2
4.25281E+11	2	0	144	32	30	2
4.27698E+11	2	0	144	32	30	2
4.3013E+11	2	0	144	32	30	2
4.32562E+11	2	0	144	32	30	2
4.34995E+11	2	0	144	32	30	2
4.37421E+11	2	0	144	32	30	2
4.39849E+11	2	0	144	32	30	2
4.42278E+11	2	0	144	32	30	2
4.44716E+11	2	0	144	32	30	2
4.47129E+11	2	0	144	32	30	2
4.49563E+11	2	0	144	32	30	2
4.51987E+11	2	0	144	32	30	2
4.54399E+11	2	0	144	32	30	2
4.56826E+11	2	0	144	32	30	2
4.59255E+11	2	0	144	32	30	2
4.61671E+11	2	0	144	32	30	2
4.64082E+11	2	0	144	32	30	2
4.66514E+11	2	0	144	32	30	2
4.68938E+11	2	0	144	32	30	2
4.71364E+11	2	0	144	32	30	2
4.73777E+11	2	0	144	32	30	2
4.76197E+11	2	0	144	32	30	2
4.78614E+11	2	0	144	32	30	2
4.8105E+11	2	0	144	32	30	2
4.83457E+11	2	0	144	32	30	2
4.85886E+11	2	0	144	32	30	2
4.88324E+11	2	0	144	32	30	2
4.90749E+11	2	0	144	32	30	2
4.9317E+11	2	0	144	32	30	2
4.95594E+11	2	0	144	32	30	2
4.98025E+11	2	0	144	32	30	2
5.00454E+11	2	0	144	32	30	2
5.02885E+11	2	0	144	32	30	2
5.05322E+11	2	0	144	32	30	2
5.07747E+11	2	0	144	32	30	2
5.10172E+11	2	0	144	32	30	2
5.12588E+11	2	0	144	32	30	2
5.15026E+11	2	0	144	32	30	2
5.17451E+11	2	0	144	32	30	2
5.19876E+11	2	0	144	32	30	2
5.22293E+11	2	0	144	32	30	2
5.24724E+11	2	0	144	32	30	2
5.27158E+11	2	0	144	32	30	2
5.29602E+11	2	0	144	32	30	2
5.32036E+11	2	0	144	32	30	2
5.34453E+11	2	0	144	32	30	2
5.36871E+11	2	0	144	32	30	2
5.39278E+11	2	0	144	32	30	2
5.41701E+11	2	0	144	32	30	2
5.44135E+11	2	0	144	32	30	2
5.46567E+11	2	0	144	32	30	2
5.48994E+11	2	0	144	32	30	2
5.51135E+11	2	0	144	32	30	2
5.53176E+11	2	0	144	32	30	2
5.55183E+11	2	0	144	32	30	2
5.57215E+11	2	0	144	32	30	2
5.59226E+11	2	0	144	32	30	2
5.61241E+11	2	0	144	32	30	2
5.63256E+11	2	0	144	32	30	2
5.65263E+11	2	0	144	32	30	2
5.67271E+11	2	0	144	32	30	2
5.69291E+11	2	0	144	32	30	2
5.71307E+11	2	0	144	32	30	2
5.7331E+11	2	0	144	32	30	2
5.75336E+11	2	0	144	32	30	2
5.77344E+11	2	0	144	32	30	2
5.7935E+11	2	0	144	32	30	2
5.81348E+11	2	0	144	32	30	2
5.83371E+11	2	0	144	32	30	2
5.85375E+11	2	0	144	32	30	2
5.87379E+11	2	0	144	32	30	2
5.89406E+11	2	0	144	32	30	2
5.91425E+11	2	0	144	32	30	2
5.93431E+11	2	0	144	32	30	2
5.95439E+11	2	0	144	32	30	2
5.97464E+11	2	0	144	32	30	2
5.9946E+11	2	0	144	32	30	2
6.01469E+11	2	0	144	32	30	2
6.03488E+11	2	0	144	32	30	2
6.05496E+11	2	0	144	32	30	2
6.07501E+11	2	0	144	32	30	2
6.09505E+11	2	0	144	32	30	2
6.115E+11	2	0	144	32	30	2
6.13522E+11	2	0	144	32	30	2
6.15546E+11	2	0	144	32	30	2
6.17562E+11	2	0	144	32	30	2
6.19573E+11	2	0	144	32	30	2
6.21582E+11	2	0	144	32	30	2
6.23572E+11	2	0	144	32	30	2
6.25586E+11	2	0	144	32	30	2
6.27585E+11	2	0	144	32	30	2
6.29584E+11	2	0	144	32	30	2
6.31602E+11	2	0	144	32	30	2
6.33618E+11	2	0	144	32	30	2
6.35632E+11	2	0	144	32	30	2
6.37648E+11	2	0	144	32	30	2
6.3964E+11	2	0	144	32	30	2
6.41636E+11	2	0	144	32	30	2
6.43645E+11	2	0	144	32	30	2
6.45658E+11	2	0	144	32	30	2
6.47652E+11	2	0	144	32	30	2
6.49659E+11	2	0	144	32	30	2
6.51663E+11	2	0	144	32	30	2
6.53658E+11	2	0	144	32	30	2
6.55656E+11	2	0	144	32	30	2
6.57661E+11	2	0	144	32	30	2
6.59662E+11	2	0	144	32	30	2
6.61671E+11	2	0	144	32	30	2
6.63698E+11	2	0	144	32	30	2
6.65714E+11	2	0	144	32	30	2
6.67711E+11	2	0	144	32	30	2
6.69725E+11	2	0	144	32	30	2
6.71731E+11	2	0	144	32	30	2
6.73739E+11	2	0	144	32	30	2
6.75732E+11	2	0	144	32	30	2
6.77748E+11	2	0	144	32	30	2
6.79758E+11	2	0	144	32	30	2
6.81782E+11	2	0	144	32	30	2
6.83799E+11	2	0	144	32	30	2
6.8581E+11	2	0	144	32	30	2
6.87825E+11	2	0	144	32	30	2
6.89857E+11	2	0	144	32	30	2
6.91871E+11	2	0	144	32	30	2
6.93873E+11	2	0	144	32	30	2
6.95873E+11	2	0	144	32	30	2
6.9788E+11	2	0	144	32	30	2
6.99887E+11	2	0	144	32	30	2
7.01893E+11	2	0	144	32	30	2
7.03907E+11	2	0	144	32	30	2
7.05918E+11	2	0	144	32	30	2
7.07923E+11	2	0	144	32	30	2
7.09924E+11	2	0	144	32	30	2
7.11931E+11	2	0	144	32	30	2
7.13931E+11	2	0	144	32	30	2
7.15952E+11	2	0	144	32	30	2
7.17947E+11	2	0	144	32	30	2
7.19974E+11	2	0	144	32	30	2
7.22002E+11	2	0	144	32	30	2
7.23992E+11	2	0	144	32	30	2
7.25981E+11	2	0	144	32	30	2
7.27989E+11	2	0	144	32	30	2
7.30003E+11	2	0	144	32	30	2
7.31997E+11	2	0	144	32	30	2
7.33989E+11	2	0	144	32	30	2
7.36001E+11	2	0	144	32	30	2
7.38013E+11	2	0	144	32	30	2
7.40012E+11	2	0	144	32	30	2
7.42025E+11	2	0	144	32	30	2
7.44036E+11	2	0	144	32	30	2
7.46038E+11	2	0	144	32	30	2
7.48046E+11	2	0	144	32	30	2
7.50057E+11	2	0	144	32	30	2
7.52069E+11	2	0	144	32	30	2
7.54081E+11	2	0	144	32	30	2
7.5609E+11	2	0	144	32	30	2
7.58083E+11	2	0	144	32	30	2
7.6011E+11	2	0	144	32	30	2
7.62142E+11	2	0	144	32	30	2
7.64148E+11	2	0	144	32	30	2
7.66138E+11	2	0	144	32	30	2
7.68149E+11	2	0	144	32	30	2
7.70149E+11	2	0	144	32	30	2
7.72174E+11	2	0	144	32	30	2
7.742E+11	2	0	144	32	30	2
7.76191E+11	2	0	144	32	30	2
7.782E+11	2	0	144	32	30	2
7.80205E+11	2	0	144	32	30	2
7.82196E+11	2	0	144	32	30	2
7.8421E+11	2	0	144	32	30	2
7.86235E+11	2	0	144	32	30	2
7.88253E+11	2	0	144	32	30	2
7.90273E+11	2	0	144	32	30	2
7.92271E+11	2	0	144	32	30	2
7.94276E+11	2	0	144	32	30	2
7.96275E+11	2	0	144	32	30	2
7.98306E+11	2	0	144	32	30	2
8.00328E+11	2	0	144	32	30	2
8.02315E+11	2	0	144	32	30	2
8.04327E+11	2	0	144	32	30	2
8.0634E+11	2	0	144	32	30	2
8.08351E+11	2	0	144	32	30	2
8.10368E+11	2	0	144	32	30	2
8.12352E+11	2	0	144	32	30	2
8.14352E+11	2	0	144	32	30	2
8.16371E+11	2	0	144	32	30	2
8.18379E+11	2	0	144	32	30	2
8.20394E+11	2	0	144	32	30	2
8.22388E+11	2	0	144	32	30	2
8.24389E+11	2	0	144	32	30	2
8.26402E+11	2	0	144	32	30	2
8.28413E+11	2	0	144	32	30	2
8.30439E+11	2	0	144	32	30	2
8.32459E+11	2	0	144	32	30	2
8.34451E+11	2	0	144	32	30	2
8.36465E+11	2	0	144	32	30	2
8.38472E+11	2	0	144	32	30	2
8.4047E+11	2	0	144	32	30	2
8.42481E+11	2	0	144	32	30	2
8.44504E+11	2	0	144	32	30	2
8.46508E+11	2	0	144	32	30	2
8.48504E+11	2	0	144	32	30	2
8.50501E+11	2	0	144	32	30	2
8.52517E+11	2	0	144	32	30	2
8.54525E+11	2	0	144	32	30	2
8.56538E+11	2	0	144	32	30	2
8.58536E+11	2	0	144	32	30	2
8.60538E+11	2	0	144	32	30	2
8.62565E+11	2	0	144	32	30	2
8.64568E+11	2	0	144	32	30	2
8.66573E+11	2	0	144	32	30	2
8.68582E+11	2	0	144	32	30	2
8.70591E+11	2	0	144	32	30	2
8.72612E+11	2	0	144	32	30	2
8.74633E+11	2	0	144	32	30	2
8.76652E+11	2	0	144	32	30	2
8.7866E+11	2	0	144	32	30	2
8.80665E+11	2	0	144	32	30	2
8.82665E+11	2	0	144	32	30	2
8.84659E+11	2	0	144	32	30	2
8.86648E+11	2	0	144	32	30	2
8.88668E+11	2	0	144	32	30	2
8.90692E+11	2	0	144	32	30	2
8.92691E+11	2	0	144	32	30	2
8.94685E+11	2	0	144	32	30	2
8.96694E+11	2	0	144	32	30	2
8.98684E+11	2	0	144	32	30	2
9.00703E+11	2	0	144	32	30	2
9.02713E+11	2	0	144	32	30	2
9.0472E+11	2	0	144	32	30	2
9.06724E+11	2	0	144	32	30	2
9.0873E+11	2	0	144	32	30	2
9.10735E+11	2	0	144	32	30	2
9.12735E+11	2	0	144	32	30	2
9.14746E+11	2	0	144	32	30	2
9.1677E+11	2	0	144	32	30	2
9.18767E+11	2	0	144	32	30	2
9.20768E+11	2	0	144	32	30	2
9.22786E+11	2	0	144	32	30	2
9.24799E+11	2	0	144	32	30	2
9.26792E+11	2	0	144	32	30	2
9.28806E+11	2	0	144	32	30	2
9.3082E+11	2	0	144	32	30	2
9.32833E+11	2	0	144	32	30	2
9.34833E+11	2	0	144	32	30	2
9.36849E+11	2	0	144	32	30	2
9.38851E+11	2	0	144	32	30	2
9.40848E+11	2	0	144	32	30	2
9.42845E+11	2	0	144	32	30	2
9.44844E+11	2	0	144	32	30	2
9.46858E+11	2	0	144	32	30	2
9.48867E+11	2	0	144	32	30	2
9.5087E+11	2	0	144	32	30	2
9.52875E+11	2	0	144	32	30	2
9.54877E+11	2	0	144	32	30	2
9.56889E+11	2	0	144	32	30	2
9.58902E+11	2	0	144	32	30	2
9.60913E+11	2	0	144	32	30	2
9.62922E+11	2	0	144	32	30	2
9.64932E+11	2	0	144	32	30	2
9.66948E+11	2	0	144	32	30	2
9.68963E+11	2	0	144	32	30	2
9.70966E+11	2	0	144	32	30	2
9.72985E+11	2	0	144	32	30	2
9.74991E+11	2	0	144	32	30	2
9.77011E+11	2	0	144	32	30	2
9.79016E+11	2	0	144	32	30	2
9.81028E+11	2	0	144	32	30	2
9.83038E+11	2	0	144	32	30	2
9.85044E+11	2	0	144	32	30	2
9.87047E+11	2	0	144	32	30	2
9.89058E+11	2	0	144	32	30	2
9.91065E+11	2	0	144	32	30	2
9.93071E+11	2	0	144	32	30	2
9.95109E+11	2	0	144	32	30	2
9.97108E+11	2	0	144	32	30	2
9.99123E+11	2	0	144	32	30	2
1.00112E+12	2	0	144	32	30	2
1.00314E+12	2	0	144	32	30	2
1.00514E+12	2	0	144	32	30	2
1.00717E+12	2	0	144	32	30	2
1.00917E+12	2	0	144	32	30	2
1.0112E+12	2	0	144	32	30	2
1.01321E+12	2	0	144	32	30	2
1.01523E+12	2	0	144	32	30	2
1.01723E+12	2	0	144	32	30	2
1.01923E+12	2	0	144	32	30	2
1.02124E+12	2	0	144	32	30	2
1.02324E+12	2	0	144	32	30	2
1.02522E+12	2	0	144	32	30	2
1.02722E+12	2	0	144	32	30	2
1.02925E+12	2	0	144	32	30	2
1.03126E+12	2	0	144	32	30	2
1.03326E+12	2	0	144	32	30	2
1.03526E+12	2	0	144	32	30	2
1.03728E+12	2	0	144	32	30	2
1.03928E+12	2	0	144	32	30	2
1.04128E+12	2	0	144	32	30	2
1.04329E+12	2	0	144	32	30	2
1.04531E+12	2	0	144	32	30	2
1.0473E+12	2	0	144	32	30	2
1.0493E+12	2	0	144	32	30	2
1.05131E+12	2	0	144	32	30	2
1.0533E+12	2	0	144	32	30	2
1.05531E+12	2	0	144	32	30	2
1.05732E+12	2	0	144	32	30	2
1.05932E+12	2	0	144	32	30	2
1.06132E+12	2	0	144	32	30	2
1.06333E+12	2	0	144	32	30	2
1.06532E+12	2	0	144	32	30	2
1.06734E+12	2	0	144	32	30	2
1.06934E+12	2	0	144	32	30	2
1.07135E+12	2	0	144	32	30	2
1.07337E+12	2	0	144	32	30	2
1.07536E+12	2	0	144	32	30	2
1.07738E+12	2	0	144	32	30	2
1.07938E+12	2	0	144	32	30	2
1.08141E+12	2	0	144	32	30	2
1.0852E+12	1	0	144	32	31	1
1.09004E+12	1	0	144	32	31	1
1.0949E+12	1	0	144	32	31	1
1.09968E+12	1	0	144	32	31	1
1.10373E+12	1	0	144	32	31	1
1.10774E+12	1	0	144	32	31	1
1.11177E+12	1	0	144	32	31	1
1.11578E+12	1	0	144	32	31	1
1.1198E+12	1	0	144	32	31	1
1.12388E+12	1	0	144	32	31	1
1.12789E+12	1	0	144	32	31	1
1.13193E+12	1	0	144	32	31	1
1.1359E+12	1	0	144	32	31	1
1.13989E+12	1	0	144	32	31	1
1.14391E+12	1	0	144	32	31	1
1.14793E+12	1	0	144	32	31	1
1.15196E+12	1	0	144	32	31	1
1.156E+12	1	0	144	32	31	1
1.15999E+12	1	0	144	32	31	1
1.16402E+12	1	0	144	32	31	1
1.16806E+12	1	0	144	32	31	1
1.17207E+12	1	0	144	32	31	1
1.17609E+12	1	0	144	32	31	1
1.18013E+12	1	0	144	32	31	1
1.18416E+12	1	0	144	32	31	1
1.18817E+12	1	0	144	32	31	1
1.19215E+12	1	0	144	32	31	1
1.19616E+12	1	0	144	32	31	1
1.20019E+12	1	0	144	32	31	1
1.20421E+12	1	0	144	32	31	1
1.20824E+12	1	0	144	32	31	1
1.21228E+12	1	0	144	32	31	1
1.21629E+12	1	0	144	32	31	1
1.22032E+12	1	0	144	32	31	1
1.22432E+12	1	0	144	32	31	1
1.22837E+12	1	0	144	32	31	1
1.23239E+12	1	0	144	32	31	1
1.23647E+12	1	0	144	32	31	1
1.24048E+12	1	0	144	32	31	1
1.24449E+12	1	0	144	32	31	1
1.2485E+12	1	0	144	32	31	1
1.2525E+12	1	0	144	32	31	1
1.25651E+12	1	0	144	32	31	1
1.26053E+12	1	0	144	32	31	1
1.26452E+12	1	0	144	32	31	1
1.2685E+12	1	0	144	32	31	1
1.27253E+12	1	0	144	32	31	1
1.27657E+12	1	0	144	32	31	1
1.28059E+12	1	0	144	32	31	1
1.28455E+12	1	0	144	32	31	1
1.28856E+12	1	0	144	32	31	1
1.29259E+12	1	0	144	32	31	1
1.29661E+12	1	0	144	32	31	1
1.30061E+12	1	0	144	32	31	1
1.30463E+12	1	0	144	32	31	1
1.3086E+12	1	0	144	32	31	1
1.31261E+12	1	0	144	32	31	1
1.31663E+12	1	0	144	32	31	1
1.32065E+12	1	0	144	32	31	1
1.32466E+12	1	0	144	32	31	1
1.32866E+12	1	0	144	32	31	1
1.33269E+12	1	0	144	32	31	1
1.33669E+12	1	0	144	32	31	1
1.34069E+12	1	0	144	32	31	1
1.34474E+12	1	0	144	32	31	1
1.34881E+12	1	0	144	32	31	1
1.35287E+12	1	0	144	32	31	1
1.35688E+12	1	0	144	32	31	1
1.36088E+12	1	0	144	32	31	1
