                Time  Interstls  Vacancies   Recmbtns   VcncySfc   IntlnSfc  defects
              0.0000        175        175          1          0          0        350
              1.5457        175        175          1          0          0        350
              8.8013        175        175          1          0          0        350
             16.1298        175        175          1          0          0        350
             29.3819        175        175          1          0          0        350
             34.7381        175        175          1          0          0        350
             35.6142        175        175          1          0          0        350
             36.3351        175        175          1          0          0        350
             37.8764        175        175          1          0          0        350
             38.7987        175        175          1          0          0        350
             48.6557        175        175          1          0          0        350
             50.5693        175        175          1          0          0        350
             51.7366        175        175          1          0          0        350
             52.7400        175        175          1          0          0        350
             53.4314        175        175          1          0          0        350
             56.7604        175        175          1          0          0        350
             57.9121        175        175          1          0          0        350
             63.1512        175        175          1          0          0        350
             65.8949        175        175          1          0          0        350
             67.0232        175        175          1          0          0        350
             72.2626        175        175          1          0          0        350
             79.5866        175        175          1          0          0        350
             80.8964        175        175          1          0          0        350
             90.6932        175        175          1          0          0        350
             90.9364        175        175          1          0          0        350
             99.2261        175        175          1          0          0        350
            120.5115        175        175          1          0          0        350
            150.1921        175        175          1          0          0        350
            260.0170        175        175          1          0          0        350
            380.9302        175        175          1          0          0        350
            440.9501        175        175          1          0          0        350
            490.2763        175        175          1          0          0        350
            530.0993        175        175          1          0          0        350
            530.4901        175        175          1          0          0        350
            540.5035        175        175          1          0          0        350
            620.5964        175        175          1          0          0        350
            620.7778        175        175          1          0          0        350
            810.7143        175        175          1          0          0        350
            850.3165        175        175          1          0          0        350
            850.7475        175        175          1          0          0        350
            880.8473        175        175          1          0          0        350
            890.6442        175        175          1          0          0        350
            930.1501        175        175          1          0          0        350
           1100.1578        175        175          1          0          0        350
           2400.4489        175        175          1          0          0        350
           2800.0923        175        175          1          0          0        350
           3400.6475        175        175          1          0          0        350
           3600.3652        175        175          1          0          0        350
           3900.0235        175        175          1          0          0        350
           4200.7214        175        175          1          0          0        350
           4700.1458        175        175          1          0          0        350
           5200.5315        175        175          1          0          0        350
           5600.9143        175        175          1          0          0        350
           6500.5937        175        175          1          0          0        350
           6500.8132        175        175          1          0          0        350
           6600.1496        175        175          1          0          0        350
           7000.6595        175        175          1          0          0        350
           7100.9723        175        175          1          0          0        350
           7300.9821        175        175          1          0          0        350
           8000.4915        175        175          1          0          0        350
           8300.7118        175        175          1          0          0        350
           8600.3620        175        175          1          0          0        350
           9500.5823        175        175          1          0          0        350
           9500.8397        175        175          1          0          0        350
          10100.6417        175        175          1          0          0        350
          10100.7343        175        175          1          0          0        350
          10500.0254        175        175          1          0          0        350
          11300.7776        175        175          1          0          0        350
          11500.2029        175        175          1          0          0        350
          12200.5316        175        175          1          0          0        350
          12600.1597        175        175          1          0          0        350
          12900.9230        175        175          1          0          0        350
          13500.6171        175        175          1          0          0        350
          13800.8818        175        175          1          0          0        350
          13900.8724        175        175          1          0          0        350
          14100.9821        174        174          2          0          0        348
          15200.5072        174        174          2          0          0        348
          15700.8430        174        174          2          0          0        348
          15800.3452        174        174          2          0          0        348
          16500.8675        174        174          2          0          0        348
          16900.3482        174        174          2          0          0        348
          17400.6331        174        174          2          0          0        348
          18100.3448        174        174          2          0          0        348
          18900.9455        174        174          2          0          0        348
          19000.1498        174        174          2          0          0        348
          19300.1839        174        174          2          0          0        348
          22300.7044        174        174          2          0          0        348
          22900.2463        173        173          3          0          0        346
          23100.5695        173        173          3          0          0        346
          24200.2617        173        173          3          0          0        346
          24500.8469        173        173          3          0          0        346
          25200.9685        173        173          3          0          0        346
          25500.9601        173        173          3          0          0        346
          25900.0566        173        173          3          0          0        346
          27200.2767        173        173          3          0          0        346
          27300.4210        173        173          3          0          0        346
          27800.3437        173        173          3          0          0        346
          28700.1533        173        173          3          0          0        346
          29800.2170        173        173          3          0          0        346
          30300.8986        173        173          3          0          0        346
          30400.2399        173        173          3          0          0        346
          30800.9822        173        173          3          0          0        346
          31000.7167        173        173          3          0          0        346
          31400.8414        173        173          3          0          0        346
          32500.4622        173        173          3          0          0        346
          32900.1734        173        173          3          0          0        346
          33600.4798        173        173          3          0          0        346
          33700.5114        173        173          3          0          0        346
          33800.4835        173        173          3          0          0        346
          34900.0950        173        173          3          0          0        346
          35100.5111        172        172          4          0          0        344
          35700.4230        172        172          4          0          0        344
          36300.2052        172        172          4          0          0        344
          36700.9490        172        172          4          0          0        344
          36800.7498        172        172          4          0          0        344
          37300.7111        172        172          4          0          0        344
          37500.3608        172        172          4          0          0        344
          37500.8882        172        172          4          0          0        344
          38300.0684        172        172          4          0          0        344
          39400.8416        171        171          5          0          0        342
          40100.9299        171        171          5          0          0        342
          40300.3088        171        171          5          0          0        342
          40400.0303        171        171          5          0          0        342
          40400.6972        171        171          5          0          0        342
          41100.2400        171        171          5          0          0        342
          41700.2692        171        171          5          0          0        342
          42200.8169        171        171          5          0          0        342
          43300.3040        171        171          5          0          0        342
          43300.8658        171        171          5          0          0        342
          44300.1331        171        171          5          0          0        342
          44300.2141        171        171          5          0          0        342
          44300.2444        171        171          5          0          0        342
          44900.2590        171        171          5          0          0        342
          47100.4221        171        171          5          0          0        342
          47200.6555        171        171          5          0          0        342
          47300.1533        171        171          5          0          0        342
          47800.6508        169        169          7          0          0        338
          48700.8088        169        169          7          0          0        338
          48900.5612        169        169          7          0          0        338
          49100.0515        169        169          7          0          0        338
          49900.9985        169        169          7          0          0        338
          50300.8016        169        169          7          0          0        338
          53500.3801        169        169          7          0          0        338
          54000.7194        169        169          7          0          0        338
          54200.1308        169        169          7          0          0        338
          55100.2247        169        169          7          0          0        338
          56300.8213        169        169          7          0          0        338
          56900.1412        169        169          7          0          0        338
          56900.7627        169        169          7          0          0        338
          57000.6794        169        169          7          0          0        338
          57400.8844        169        169          7          0          0        338
          57500.4692        169        169          7          0          0        338
          57800.3152        169        169          7          0          0        338
          58000.8698        169        169          7          0          0        338
          58700.9682        169        169          7          0          0        338
          58800.2079        169        169          7          0          0        338
          59400.0913        169        169          7          0          0        338
          59800.5209        169        169          7          0          0        338
          61100.1809        169        169          7          0          0        338
          61500.1572        169        169          7          0          0        338
          61900.7301        169        169          7          0          0        338
          63100.5513        169        169          7          0          0        338
          63300.4658        169        169          7          0          0        338
          63700.7214        169        169          7          0          0        338
          63900.6376        169        169          7          0          0        338
          65200.2227        169        169          7          0          0        338
          65700.0936        169        169          7          0          0        338
          66400.6658        169        169          7          0          0        338
          66800.2640        169        169          7          0          0        338
          67300.6746        169        169          7          0          0        338
          67800.4192        169        169          7          0          0        338
          68800.1774        169        169          7          0          0        338
          69600.7674        169        169          7          0          0        338
          70500.9356        169        169          7          0          0        338
          70700.3942        169        169          7          0          0        338
          71700.6444        169        169          7          0          0        338
          72300.4107        169        169          7          0          0        338
          72900.5963        167        167          9          0          0        334
          74300.9588        167        167          9          0          0        334
          75600.3694        167        167          9          0          0        334
          75700.6721        167        167          9          0          0        334
          75900.1958        167        167          9          0          0        334
          76600.6035        167        167          9          0          0        334
          76600.8072        167        167          9          0          0        334
          77400.2289        166        166         10          0          0        332
          78800.1756        166        166         10          0          0        332
          80400.8027        166        166         10          0          0        332
          80800.7659        166        166         10          0          0        332
          81000.9288        166        166         10          0          0        332
          81100.4975        166        166         10          0          0        332
          81200.4217        166        166         10          0          0        332
          81300.5643        166        166         10          0          0        332
          81700.7372        166        166         10          0          0        332
          82300.3350        166        166         10          0          0        332
          83100.9805        166        166         10          0          0        332
          84200.4578        166        166         10          0          0        332
          84800.6677        166        166         10          0          0        332
          85200.1614        166        166         10          0          0        332
          85400.0579        166        166         10          0          0        332
          85800.2805        166        166         10          0          0        332
          86700.1136        166        166         10          0          0        332
          86900.0032        166        166         10          0          0        332
          87300.6748        166        166         10          0          0        332
          87400.3538        166        166         10          0          0        332
          88000.3670        166        166         10          0          0        332
          88800.5732        166        166         10          0          0        332
          89000.5557        166        166         10          0          0        332
          89700.1799        166        166         10          0          0        332
          90000.6836        166        166         10          0          0        332
          90100.9288        166        166         10          0          0        332
          90300.1845        166        166         10          0          0        332
          90600.7925        166        166         10          0          0        332
          91000.1488        166        166         10          0          0        332
          91700.1797        166        166         10          0          0        332
          92000.9529        166        166         10          0          0        332
          92400.6022        166        166         10          0          0        332
          92800.2833        166        166         10          0          0        332
          93100.0505        166        166         10          0          0        332
          93400.1049        166        166         10          0          0        332
          93500.8897        166        166         10          0          0        332
          94200.6287        166        166         10          0          0        332
          94200.6678        166        166         10          0          0        332
          94300.6731        166        166         10          0          0        332
          94800.2897        166        166         10          0          0        332
          95500.7267        166        166         10          0          0        332
          96200.3202        166        166         10          0          0        332
          96200.4731        166        166         10          0          0        332
          96200.6542        166        166         10          0          0        332
          98000.2059        166        166         10          0          0        332
          98500.4969        166        166         10          0          0        332
          99000.9184        166        166         10          0          0        332
          99600.7683        166        166         10          0          0        332
          99800.6847        166        166         10          0          0        332
         105000.5368        166        166         10          0          0        332
         111000.7300        166        166         10          0          0        332
         112000.4644        166        166         10          0          0        332
         113000.9196        166        166         10          0          0        332
         114000.6557        166        166         10          0          0        332
         120000.1355        166        166         10          0          0        332
         124000.3506        166        166         10          0          0        332
         133000.5185        165        165         11          0          0        330
         134000.2047        165        165         11          0          0        330
         139000.7339        165        165         11          0          0        330
         143000.7469        165        165         11          0          0        330
         161000.0702        162        162         14          0          0        324
         165000.5455        161        161         15          0          0        322
         169000.3959        161        161         15          0          0        322
         189000.4526        160        160         16          0          0        320
         192000.6542        160        160         16          0          0        320
         194000.9567        160        160         16          0          0        320
         201000.5901        160        160         16          0          0        320
         204000.9905        160        160         16          0          0        320
         212000.4495        160        160         16          0          0        320
         212000.5885        160        160         16          0          0        320
         216000.4660        160        160         16          0          0        320
         219000.9379        160        160         16          0          0        320
         220000.7048        160        160         16          0          0        320
         221000.2712        160        160         16          0          0        320
         229000.7522        160        160         16          0          0        320
         243000.3827        160        160         16          0          0        320
         243000.4606        160        160         16          0          0        320
         246000.7248        160        160         16          0          0        320
         250000.0827        160        160         16          0          0        320
         250000.9758        160        160         16          0          0        320
         273000.5941        160        159         16          1          0        319
         277000.1129        160        159         16          1          0        319
         277000.4790        160        159         16          1          0        319
         280000.7779        160        159         16          1          0        319
         282000.0019        159        158         17          1          0        317
         283000.7438        158        157         18          1          0        315
         290000.6824        158        157         18          1          0        315
         291000.0997        158        157         18          1          0        315
         292000.0818        158        157         18          1          0        315
         304000.3385        157        156         19          1          0        313
         308000.2212        157        156         19          1          0        313
         323000.2620        156        155         20          1          0        311
         334000.3665        154        153         22          1          0        307
         342000.0677        154        153         22          1          0        307
         342000.8055        154        153         22          1          0        307
         343000.6656        154        153         22          1          0        307
         364000.7092        154        152         22          2          0        306
         365000.3705        154        152         22          2          0        306
         382000.0700        153        151         23          2          0        304
         386000.4414        153        151         23          2          0        304
         395000.0395        153        151         23          2          0        304
         398000.2920        153        151         23          2          0        304
         400000.4266        153        151         23          2          0        304
         404000.0533        153        151         23          2          0        304
         418000.5344        151        148         25          3          0        299
         422000.6546        151        148         25          3          0        299
         426000.3388        151        148         25          3          0        299
         432000.7178        151        148         25          3          0        299
         447000.3180        151        147         25          4          0        298
         451000.3648        151        147         25          4          0        298
         457000.0881        151        147         25          4          0        298
         462000.9770        150        146         26          4          0        296
         467000.5783        150        146         26          4          0        296
         479000.4602        150        146         26          4          0        296
         480000.0942        150        146         26          4          0        296
         480000.5301        150        146         26          4          0        296
         484000.5960        150        146         26          4          0        296
         501000.3028        149        145         27          4          0        294
         515000.0553        149        145         27          4          0        294
         525000.8962        149        144         27          5          0        293
         532000.4726        149        144         27          5          0        293
         542000.1065        145        140         31          5          0        285
         548000.6513        143        138         33          5          0        281
         549000.1025        143        138         33          5          0        281
         551000.7188        143        138         33          5          0        281
         552000.2077        143        138         33          5          0        281
         564000.1648        143        138         33          5          0        281
         569000.0761        143        138         33          5          0        281
         588000.5156        143        138         33          5          0        281
         604000.6949        143        138         33          5          0        281
         608000.3282        143        138         33          5          0        281
         623000.3995        143        137         33          6          0        280
         642000.9401        143        137         33          6          0        280
         649000.2758        143        137         33          6          0        280
         658000.6307        143        137         33          6          0        280
         662000.0653        143        137         33          6          0        280
         676000.5620        142        136         34          6          0        278
         677000.4424        142        136         34          6          0        278
         678000.6015        142        136         34          6          0        278
         679000.5526        142        136         34          6          0        278
         685000.4512        142        136         34          6          0        278
         695000.8662        142        136         34          6          0        278
         709000.7071        141        135         35          6          0        276
         720000.6163        141        135         35          6          0        276
         721000.0352        141        135         35          6          0        276
         721000.3277        141        135         35          6          0        276
         722000.9651        141        135         35          6          0        276
         724000.1715        141        134         35          7          0        275
         725000.1535        141        134         35          7          0        275
         732000.5457        140        133         36          7          0        273
         745000.0787        138        131         38          7          0        269
         750000.8255        138        131         38          7          0        269
         756000.8375        138        131         38          7          0        269
         770000.7186        138        130         38          8          0        268
         772000.7780        138        130         38          8          0        268
         787000.1704        137        128         39          9          0        265
         819000.5591        137        127         39         10          0        264
         828000.3870        137        127         39         10          0        264
         829000.2513        137        126         39         11          0        263
         829000.3396        137        126         39         11          0        263
         831000.2448        137        126         39         11          0        263
         834000.6997        137        126         39         11          0        263
         835000.2289        137        126         39         11          0        263
         837000.7129        137        126         39         11          0        263
         842000.7419        137        126         39         11          0        263
         843000.9452        137        126         39         11          0        263
         846000.0415        137        126         39         11          0        263
         853000.4525        137        126         39         11          0        263
         861000.1238        137        126         39         11          0        263
         861000.3479        137        126         39         11          0        263
         861000.7024        137        126         39         11          0        263
         864000.9601        137        126         39         11          0        263
         880000.5817        137        126         39         11          0        263
         897000.5473        136        125         40         11          0        261
         900000.3947        136        124         40         12          0        260
         900000.7892        136        124         40         12          0        260
         905000.0994        136        124         40         12          0        260
         920000.8006        136        124         40         12          0        260
         926000.5175        136        124         40         12          0        260
         928000.7737        136        124         40         12          0        260
         943000.7054        135        123         41         12          0        258
         956000.6253        135        123         41         12          0        258
         963000.5718        135        123         41         12          0        258
         965000.2563        135        123         41         12          0        258
         966000.4621        135        123         41         12          0        258
         972000.0889        135        123         41         12          0        258
         974000.9739        135        123         41         12          0        258
         979000.8447        135        123         41         12          0        258
         981000.5174        135        123         41         12          0        258
         991000.7181        134        122         42         12          0        256
        1070000.6111        130        117         46         13          0        247
        1090000.0988        130        116         46         14          0        246
        1170000.3220        127        111         49         16          0        238
        1240000.5812        124        108         52         16          0        232
        1250000.5347        124        108         52         16          0        232
        1310000.0233        122        106         54         16          0        228
        1520000.7308        115         94         61         21          0        209
        1670000.4095        113         91         63         22          0        204
        1680000.9837        113         91         63         22          0        204
        1730000.8234        112         89         64         23          0        201
        1960000.3694        110         85         66         25          0        195
        2000000.1128        107         82         69         25          0        189
        2030000.0988        107         82         69         25          0        189
        2120000.4920        107         82         69         25          0        189
        2170000.9957        106         80         70         26          0        186
        2260000.7451        106         78         70         28          0        184
        2360000.0895        106         78         70         28          0        184
        2370000.7261        106         78         70         28          0        184
        2380000.9856        106         78         70         28          0        184
        2420000.3416        106         77         70         29          0        183
        2490000.2880        106         77         70         29          0        183
        2550000.9048        106         76         70         30          0        182
        2850000.5732        103         71         73         32          0        174
        2960000.1553        103         70         73         33          0        173
        3030000.8837        103         70         73         33          0        173
        3200000.2300        101         68         75         33          0        169
        3350000.8876        100         64         76         36          0        164
        3420000.5990        100         63         76         37          0        163
        3460000.7862        100         62         76         38          0        162
        3740000.3708         90         51         86         39          0        141
        3830000.1344         88         49         88         39          0        137
        4180000.4573         83         43         93         40          0        126
        4840000.2836         80         39         96         41          0        119
        4880000.7736         80         39         96         41          0        119
        5010000.2542         79         38         97         41          0        117
        5240000.8332         78         37         98         41          0        115
        5400000.4824         78         36         98         42          0        114
        5450000.0409         78         36         98         42          0        114
        5680000.7401         77         35         99         42          0        112
        5730000.4114         77         35         99         42          0        112
        6030000.8300         77         35         99         42          0        112
        6750000.2464         77         35         99         42          0        112
        7600000.0498         74         31        102         43          0        105
        7790000.3802         74         31        102         43          0        105
        7940000.7035         74         31        102         43          0        105
        7960000.3362         74         31        102         43          0        105
        8140000.3496         73         30        103         43          0        103
        8230000.2523         73         30        103         43          0        103
        8990000.4826         73         29        103         44          0        102
        9400000.6115         73         29        103         44          0        102
        9440000.9958         73         29        103         44          0        102
       10300000.3518         73         29        103         44          0        102
       10330000.4436         73         29        103         44          0        102
       10880000.1001         71         27        105         44          0         98
       10890000.1489         71         27        105         44          0         98
       11250000.0989         71         27        105         44          0         98
       11260000.7221         71         27        105         44          0         98
       11490000.7008         71         27        105         44          0         98
       11610000.5783         71         27        105         44          0         98
       11680000.8804         71         27        105         44          0         98
       11690000.6257         71         27        105         44          0         98
       11700000.2567         71         27        105         44          0         98
       11960000.0034         70         26        106         44          0         96
       12370000.2052         70         26        106         44          0         96
       13260000.2129         66         22        110         44          0         88
       13270000.7313         66         22        110         44          0         88
       14400000.5482         66         21        110         45          0         87
       14950000.9025         65         20        111         45          0         85
       15120000.8968         65         19        111         46          0         84
       15370000.6401         65         19        111         46          0         84
       15490000.3062         65         19        111         46          0         84
       15530000.8016         65         19        111         46          0         84
       16470000.0924         65         19        111         46          0         84
       16990000.4875         65         19        111         46          0         84
       17770000.9062         64         18        112         46          0         82
       17860000.8436         64         18        112         46          0         82
       18070000.2133         64         18        112         46          0         82
       18110000.4232         64         18        112         46          0         82
       18330000.6962         64         18        112         46          0         82
       18700000.2865         64         18        112         46          0         82
       19230000.5893         64         18        112         46          0         82
       19430000.9950         64         18        112         46          0         82
       20230000.1832         64         16        112         48          0         80
       20620000.7556         64         16        112         48          0         80
       21510000.2218         64         16        112         48          0         80
       21850000.0665         64         16        112         48          0         80
       22340000.2075         64         16        112         48          0         80
       22680000.6643         64         16        112         48          0         80
       24030000.2241         64         16        112         48          0         80
       24250000.8239         64         16        112         48          0         80
       24940000.7186         64         15        112         49          0         79
       25200000.5090         64         14        112         50          0         78
       26480000.1385         63         12        113         51          0         75
       27350000.0652         63         11        113         52          0         74
       27900000.9981         62         10        114         52          0         72
       28020000.5759         62         10        114         52          0         72
       28680000.5732         62         10        114         52          0         72
       28780000.7889         62         10        114         52          0         72
       29220000.1510         62         10        114         52          0         72
       30340000.5182         61          9        115         52          0         70
       31990000.3771         61          9        115         52          0         70
       33260000.2417         60          8        116         52          0         68
       35100000.1621         60          8        116         52          0         68
       36260000.5164         60          8        116         52          0         68
       38290000.2812         60          8        116         52          0         68
       39920000.1622         60          8        116         52          0         68
       40080000.2335         60          8        116         52          0         68
       40150000.8937         60          8        116         52          0         68
       42860000.5602         60          7        116         53          0         67
       43560000.2247         60          7        116         53          0         67
       44160000.6615         60          7        116         53          0         67
       44430000.5628         60          7        116         53          0         67
       46910000.6239         60          7        116         53          0         67
       47360000.0634         60          7        116         53          0         67
       48410000.2828         60          7        116         53          0         67
       49270000.3211         60          7        116         53          0         67
       50240000.3712         60          7        116         53          0         67
       51090000.5434         60          7        116         53          0         67
       51740000.4815         60          7        116         53          0         67
       51740000.9013         60          7        116         53          0         67
       53160000.2925         60          7        116         53          0         67
       53210000.7688         60          7        116         53          0         67
       53260000.0578         60          7        116         53          0         67
       59100000.8764         59          6        117         53          0         65
       60190000.9031         59          6        117         53          0         65
       62700000.7064         59          6        117         53          0         65
       62770000.9409         59          6        117         53          0         65
       63120000.1770         59          6        117         53          0         65
       63550000.2146         59          6        117         53          0         65
       65080000.1647         59          6        117         53          0         65
       67850000.0360         58          6        117         53          1         64
       67960000.1074         58          6        117         53          1         64
       68320000.9716         58          6        117         53          1         64
       71240000.2878         58          6        117         53          1         64
       74060000.4013         58          6        117         53          1         64
       75000000.8402         58          6        117         53          1         64
       77450000.7361         56          5        118         53          2         61
       77780000.4167         56          5        118         53          2         61
       84780000.4978         56          5        118         53          2         61
       85870000.0250         56          5        118         53          2         61
       88110000.6303         56          5        118         53          2         61
       90650000.3863         55          5        118         53          3         60
       93310000.9125         55          5        118         53          3         60
       97880000.4571         54          5        118         53          4         59
      100950000.6808         54          5        118         53          4         59
      102020000.5247         54          5        118         53          4         59
      102320000.9516         54          5        118         53          4         59
      102770000.8657         54          5        118         53          4         59
      103510000.8896         54          5        118         53          4         59
      104500000.6640         54          5        118         53          4         59
      104800000.7666         54          5        118         53          4         59
      105600000.3857         54          5        118         53          4         59
      106000000.8890         54          5        118         53          4         59
      107600000.7858         54          5        118         53          4         59
      107940000.5416         54          5        118         53          4         59
      108300000.1530         54          5        118         53          4         59
      114110000.1216         53          5        118         53          5         58
      114270000.6741         53          5        118         53          5         58
      114450000.0057         52          5        118         53          6         57
      115020000.3830         51          5        118         53          7         56
      116600000.3950         51          5        118         53          7         56
      118200000.8356         51          5        118         53          7         56
      118410000.7169         51          5        118         53          7         56
      119460000.2709         51          5        118         53          7         56
      119850000.7758         51          5        118         53          7         56
      125240000.9290         51          5        118         53          7         56
      125910000.4357         51          5        118         53          7         56
      128330000.3007         50          5        118         53          8         55
      129200000.2272         50          5        118         53          8         55
      130280000.7373         49          5        118         53          9         54
      134720000.0035         48          5        118         53         10         53
      135950000.6453         48          5        118         53         10         53
      137550000.6175         48          5        118         53         10         53
      141250000.1493         47          5        118         53         11         52
      141250000.8917         47          5        118         53         11         52
      142870000.4130         47          5        118         53         11         52
      143540000.6872         47          5        118         53         11         52
      146630000.6339         47          5        118         53         11         52
      147540000.8570         47          5        118         53         11         52
      148900000.4529         47          4        118         54         11         51
      150950000.5198         47          4        118         54         11         51
      152990000.5968         47          4        118         54         11         51
      155270000.4557         47          4        118         54         11         51
      155920000.8164         47          4        118         54         11         51
      156000000.1316         47          4        118         54         11         51
      156710000.7581         47          4        118         54         11         51
      156880000.6124         47          4        118         54         11         51
      158480000.8225         47          4        118         54         11         51
      162770000.3361         47          4        118         54         11         51
      163590000.8879         47          4        118         54         11         51
      164110000.0820         47          4        118         54         11         51
      164970000.0894         47          4        118         54         11         51
      166220000.3474         47          4        118         54         11         51
      168990000.6577         47          4        118         54         11         51
      170150000.6697         47          4        118         54         11         51
      170790000.2499         47          4        118         54         11         51
      171140000.1094         47          4        118         54         11         51
      175630000.7549         46          4        118         54         12         50
      176870000.2609         46          4        118         54         12         50
      178980000.2601         46          4        118         54         12         50
      181610000.7435         46          4        118         54         12         50
      183480000.4175         45          4        118         54         13         49
      184970000.5139         45          4        118         54         13         49
      186350000.4294         45          4        118         54         13         49
      187240000.9352         45          4        118         54         13         49
      190170000.8615         45          4        118         54         13         49
      193080000.6082         45          4        118         54         13         49
      195370000.3238         45          4        118         54         13         49
      197430000.8284         45          4        118         54         13         49
      198420000.7146         44          4        118         54         14         48
      202750000.6073         44          4        118         54         14         48
      204140000.0679         44          4        118         54         14         48
      204490000.5689         44          4        118         54         14         48
      205080000.6719         44          4        118         54         14         48
      209290000.7776         44          4        118         54         14         48
      210060000.4952         44          4        118         54         14         48
      213240000.0461         44          4        118         54         14         48
      214200000.5126         43          4        118         54         15         47
      215390000.2084         43          4        118         54         15         47
      217950000.3652         42          4        118         54         16         46
      218520000.2426         42          4        118         54         16         46
      220080000.2039         42          4        118         54         16         46
      220160000.3372         42          4        118         54         16         46
      220650000.7803         42          4        118         54         16         46
      220900000.1091         42          4        118         54         16         46
      223560000.0680         41          3        119         54         16         44
      227040000.3538         40          3        119         54         17         43
      229770000.6161         40          3        119         54         17         43
      229920000.4853         40          3        119         54         17         43
      232870000.4809         40          3        119         54         17         43
      233810000.5939         40          3        119         54         17         43
      234690000.4763         40          3        119         54         17         43
      235310000.1313         40          3        119         54         17         43
      235440000.2581         40          3        119         54         17         43
      235470000.9787         40          3        119         54         17         43
      237700000.4633         40          3        119         54         17         43
      238320000.6767         40          3        119         54         17         43
      243740000.2146         40          3        119         54         17         43
      252900000.5940         40          3        119         54         17         43
      253210000.2803         40          3        119         54         17         43
      255330000.1398         40          3        119         54         17         43
      257040000.3470         40          3        119         54         17         43
      258660000.4963         40          3        119         54         17         43
      261520000.9456         40          3        119         54         17         43
      274390000.2791         39          3        119         54         18         42
      274570000.7156         39          3        119         54         18         42
      274620000.5483         39          3        119         54         18         42
      275230000.8452         39          3        119         54         18         42
      278120000.6651         39          3        119         54         18         42
      278170000.7765         39          3        119         54         18         42
      278850000.2411         39          3        119         54         18         42
      283320000.3387         39          3        119         54         18         42
      283570000.7060         39          3        119         54         18         42
      284960000.2629         39          3        119         54         18         42
      285240000.6914         39          3        119         54         18         42
      285680000.5515         39          3        119         54         18         42
      288690000.4433         39          3        119         54         18         42
      290400000.2682         39          3        119         54         18         42
      294590000.3373         39          3        119         54         18         42
      295700000.9168         39          3        119         54         18         42
      298830000.8477         39          3        119         54         18         42
      300600000.8496         38          3        119         54         19         41
      301080000.7436         38          3        119         54         19         41
      302650000.2934         38          3        119         54         19         41
      305930000.9029         38          3        119         54         19         41
      308100000.4804         37          3        119         54         20         40
      310160000.0261         37          3        119         54         20         40
      310560000.9334         37          3        119         54         20         40
      311290000.5246         37          3        119         54         20         40
      315360000.6634         37          3        119         54         20         40
      317360000.1153         37          3        119         54         20         40
      320470000.0560         37          3        119         54         20         40
      324170000.7563         37          3        119         54         20         40
      326150000.5967         37          3        119         54         20         40
      326230000.1337         37          3        119         54         20         40
      327240000.7651         37          3        119         54         20         40
      327360000.9647         37          3        119         54         20         40
      332680000.3197         36          2        120         54         20         38
      339570000.5440         36          2        120         54         20         38
      344430000.6254         36          2        120         54         20         38
      348680000.1334         36          2        120         54         20         38
      351920000.3689         36          2        120         54         20         38
      353020000.6447         36          2        120         54         20         38
      353300000.3165         36          2        120         54         20         38
      359240000.4699         36          2        120         54         20         38
      359260000.4038         36          2        120         54         20         38
      359360000.2176         36          2        120         54         20         38
      359610000.6586         36          2        120         54         20         38
      360890000.2571         36          2        120         54         20         38
      361670000.4402         36          2        120         54         20         38
      362950000.1087         36          2        120         54         20         38
      373450000.7880         36          2        120         54         20         38
      378680000.2831         36          2        120         54         20         38
      386110000.8837         36          2        120         54         20         38
      391840000.5329         36          2        120         54         20         38
      393700000.1702         36          2        120         54         20         38
      400680000.3340         35          2        120         54         21         37
      400990000.9305         35          2        120         54         21         37
      403020000.9539         35          2        120         54         21         37
      413200000.6540         34          2        120         54         22         36
      415140000.4137         34          2        120         54         22         36
      416000000.6440         34          2        120         54         22         36
      416000000.6999         34          2        120         54         22         36
      416660000.8328         34          2        120         54         22         36
      418970000.4574         34          2        120         54         22         36
      428320000.8987         34          2        120         54         22         36
      434000000.9316         34          2        120         54         22         36
      436360000.0393         34          2        120         54         22         36
      442790000.1299         34          2        120         54         22         36
      445550000.9135         34          2        120         54         22         36
      445580000.0541         34          2        120         54         22         36
      447210000.2918         34          2        120         54         22         36
      449150000.2745         34          2        120         54         22         36
      451720000.8864         34          2        120         54         22         36
      452020000.8515         34          2        120         54         22         36
      455530000.9358         34          2        120         54         22         36
      460530000.0731         34          2        120         54         22         36
      463210000.3771         34          2        120         54         22         36
      469560000.3668         33          2        120         54         23         35
      470890000.5166         33          2        120         54         23         35
      474920000.1680         33          2        120         54         23         35
      478450000.3169         33          2        120         54         23         35
      483060000.8976         33          2        120         54         23         35
      483500000.1831         33          2        120         54         23         35
      485260000.8984         33          2        120         54         23         35
      485870000.0090         33          2        120         54         23         35
      489630000.2321         33          2        120         54         23         35
      502750000.7335         33          2        120         54         23         35
      507460000.9952         33          2        120         54         23         35
      507790000.9215         33          2        120         54         23         35
      516010000.6393         33          2        120         54         23         35
      518850000.6862         33          2        120         54         23         35
      520420000.8975         33          2        120         54         23         35
      527410000.1010         33          2        120         54         23         35
      528050000.7249         33          2        120         54         23         35
      529530000.9079         33          2        120         54         23         35
      531450000.9703         33          2        120         54         23         35
      537360000.0610         33          2        120         54         23         35
      538720000.6410         33          2        120         54         23         35
      540690000.8838         33          2        120         54         23         35
      541240000.6586         33          2        120         54         23         35
      546780000.2655         32          2        120         54         24         34
      556380000.3980         32          2        120         54         24         34
      560950000.2303         32          2        120         54         24         34
      570400000.1783         32          2        120         54         24         34
      574260000.1192         32          2        120         54         24         34
      578360000.5161         32          2        120         54         24         34
      578640000.7796         32          2        120         54         24         34
      582560000.8837         32          2        120         54         24         34
      585480000.1681         32          2        120         54         24         34
      587700000.1493         32          2        120         54         24         34
      590510000.1351         32          2        120         54         24         34
      592080000.9222         32          2        120         54         24         34
      592380000.5469         32          2        120         54         24         34
      598220000.9322         32          2        120         54         24         34
      602160000.7199         31          2        120         54         25         33
      611230000.2399         31          2        120         54         25         33
      615420000.1293         31          2        120         54         25         33
      625980000.9735         31          2        120         54         25         33
      630670000.7814         31          2        120         54         25         33
      634900000.1520         31          2        120         54         25         33
      638240000.0021         31          2        120         54         25         33
      638950000.4225         31          2        120         54         25         33
      641000000.7133         30          1        121         54         25         31
      643290000.4720         30          1        121         54         25         31
      651090000.0085         29          1        121         54         26         30
      653560000.3034         29          1        121         54         26         30
      655900000.3182         29          1        121         54         26         30
      664150000.2395         28          1        121         54         27         29
      664890000.1755         28          1        121         54         27         29
      671860000.3215         27          1        121         54         28         28
      676110000.4787         27          1        121         54         28         28
      685200000.1086         27          1        121         54         28         28
      686630000.9965         27          1        121         54         28         28
      689780000.2630         27          1        121         54         28         28
      691520000.5731         27          1        121         54         28         28
      693530000.7664         27          1        121         54         28         28
      696720000.2509         27          1        121         54         28         28
      698920000.4689         26          1        121         54         29         27
      704330000.3878         26          1        121         54         29         27
      706400000.7710         26          1        121         54         29         27
      709620000.8111         26          1        121         54         29         27
      714860000.5121         26          1        121         54         29         27
      720520000.0896         26          1        121         54         29         27
      726620000.8043         26          1        121         54         29         27
      727710000.6698         26          1        121         54         29         27
      733940000.7371         26          1        121         54         29         27
      741620000.0483         26          1        121         54         29         27
      743880000.2354         26          1        121         54         29         27
      744410000.5799         25          1        121         54         30         26
      746280000.3650         25          1        121         54         30         26
      747930000.6391         24          1        121         54         31         25
      748190000.6458         24          1        121         54         31         25
      749450000.3402         24          1        121         54         31         25
      752110000.9838         24          1        121         54         31         25
      752290000.3720         24          1        121         54         31         25
      753250000.3720         24          1        121         54         31         25
      764780000.0607         24          1        121         54         31         25
      772720000.8309         23          1        121         54         32         24
      786710000.0429         23          1        121         54         32         24
      787310000.1086         23          1        121         54         32         24
      793470000.1177         23          1        121         54         32         24
      796100000.2814         23          1        121         54         32         24
      801730000.3943         23          1        121         54         32         24
      808140000.6240         23          1        121         54         32         24
      816330000.5544         23          1        121         54         32         24
      830310000.0786         23          1        121         54         32         24
      838200000.3741         23          1        121         54         32         24
      839620000.3735         23          1        121         54         32         24
      879450000.4552         23          1        121         54         32         24
      884210000.9115         23          1        121         54         32         24
      887240000.1223         23          1        121         54         32         24
      893320000.6970         23          1        121         54         32         24
      895260000.0619         23          1        121         54         32         24
      898950000.3069         23          1        121         54         32         24
      901760000.7761         23          1        121         54         32         24
      901790000.3037         23          1        121         54         32         24
      903220000.4488         22          1        121         54         33         23
      909700000.5015         22          1        121         54         33         23
      911280000.1319         22          1        121         54         33         23
      924340000.4098         22          1        121         54         33         23
      932340000.2255         22          1        121         54         33         23
      933440000.0006         22          1        121         54         33         23
      946410000.5318         22          1        121         54         33         23
      952380000.8783         22          1        121         54         33         23
      960100000.0521         22          1        121         54         33         23
      962640000.6176         22          1        121         54         33         23
      971470000.4983         22          1        121         54         33         23
      978190000.3866         22          1        121         54         33         23
      980480000.6237         22          1        121         54         33         23
      981770000.7871         22          1        121         54         33         23
      983890000.9021         22          1        121         54         33         23
      989510000.7482         22          1        121         54         33         23
     1000310000.0606         22          1        121         54         33         23
     1009340000.6243         22          1        121         54         33         23
     1013340000.7740         22          1        121         54         33         23
     1017150000.0963         21          1        121         54         34         22
     1024030000.8639         21          1        121         54         34         22
     1024590000.3502         21          1        121         54         34         22
     1027250000.9133         21          1        121         54         34         22
     1032220000.2570         21          1        121         54         34         22
     1032240000.0824         21          1        121         54         34         22
     1034810000.4427         21          1        121         54         34         22
     1036560000.1302         21          1        121         54         34         22
     1053900000.2695         21          1        121         54         34         22
     1054910000.1671         21          1        121         54         34         22
     1064350000.0533         20          1        121         54         35         21
     1094390000.1198         20          1        121         54         35         21
     1101900000.1720         20          1        121         54         35         21
     1101960000.3952         20          1        121         54         35         21
     1109680000.5570         20          1        121         54         35         21
     1114160000.3905         20          1        121         54         35         21
     1114710000.2793         20          1        121         54         35         21
     1119020000.5417         20          1        121         54         35         21
     1126850000.3836         20          1        121         54         35         21
     1130620000.6743         20          1        121         54         35         21
     1149640000.3267         20          1        121         54         35         21
     1167430000.3368         20          1        121         54         35         21
     1176400000.9947         20          1        121         54         35         21
     1180360000.1550         20          1        121         54         35         21
     1184750000.2572         20          1        121         54         35         21
     1192300000.9048         20          1        121         54         35         21
     1194650000.7851         20          1        121         54         35         21
     1195920000.6562         20          1        121         54         35         21
     1202600000.9252         20          1        121         54         35         21
     1203900000.3989         20          1        121         54         35         21
     1204410000.9707         20          1        121         54         35         21
     1209210000.0862         20          1        121         54         35         21
     1220820000.5598         20          1        121         54         35         21
     1223600000.5328         20          1        121         54         35         21
     1231410000.1790         19          1        121         54         36         20
     1249800000.4134         17          1        121         54         38         18
     1256890000.8652         17          1        121         54         38         18
     1274750000.3063         16          1        121         54         39         17
     1294520000.0372         16          1        121         54         39         17
     1294750000.4425         16          1        121         54         39         17
     1298320000.9020         16          1        121         54         39         17
     1302630000.6001         16          1        121         54         39         17
     1302680000.7799         16          1        121         54         39         17
     1305850000.5939         16          1        121         54         39         17
     1308500000.4468         16          1        121         54         39         17
     1313500000.2463         16          1        121         54         39         17
     1316180000.6832         16          1        121         54         39         17
     1321770000.0847         16          1        121         54         39         17
     1322740000.7303         16          1        121         54         39         17
     1325560000.6824         16          1        121         54         39         17
     1326090000.4252         16          1        121         54         39         17
     1331200000.1792         16          1        121         54         39         17
     1339650000.7480         16          1        121         54         39         17
     1359570000.7446         16          1        121         54         39         17
     1378300000.3786         16          1        121         54         39         17
     1380950000.9654         16          1        121         54         39         17
     1391350000.4184         16          1        121         54         39         17
     1393140000.4637         16          1        121         54         39         17
     1401940000.4451         16          1        121         54         39         17
     1414400000.2261         15          1        121         54         40         16
     1422230000.5390         15          1        121         54         40         16
     1422400000.0808         15          1        121         54         40         16
     1439440000.4866         15          1        121         54         40         16
     1453030000.4633         15          1        121         54         40         16
     1460350000.4512         15          1        121         54         40         16
     1464260000.4574         15          1        121         54         40         16
     1471980000.8263         15          1        121         54         40         16
     1473830000.5071         15          1        121         54         40         16
     1474430000.3630         15          1        121         54         40         16
     1475990000.4814         15          1        121         54         40         16
     1477270000.6193         15          1        121         54         40         16
     1486090000.4700         15          1        121         54         40         16
     1488820000.9443         15          1        121         54         40         16
     1490650000.5256         15          1        121         54         40         16
     1491480000.0671         15          1        121         54         40         16
     1499160000.9824         15          1        121         54         40         16
     1512190000.8978         15          1        121         54         40         16
     1513540000.8518         15          1        121         54         40         16
     1521280000.3340         15          1        121         54         40         16
     1527590000.7036         15          1        121         54         40         16
     1528940000.5841         15          1        121         54         40         16
     1531080000.1140         15          1        121         54         40         16
     1538020000.5820         15          1        121         54         40         16
     1539050000.7568         15          1        121         54         40         16
     1541220000.3556         15          1        121         54         40         16
     1547860000.3009         15          1        121         54         40         16
     1559410000.7075         15          1        121         54         40         16
     1560000000.3513         15          1        121         54         40         16
     1562620000.7292         15          1        121         54         40         16
     1573180000.6916         15          1        121         54         40         16
     1574500000.3211         15          1        121         54         40         16
     1582830000.9299         15          1        121         54         40         16
     1583660000.0589         15          1        121         54         40         16
     1601740000.5483         15          1        121         54         40         16
     1603950000.2785         15          1        121         54         40         16
     1608660000.4343         15          1        121         54         40         16
     1610580000.9821         15          1        121         54         40         16
     1621050000.7031         15          1        121         54         40         16
     1622890000.5630         15          1        121         54         40         16
     1631700000.4372         15          1        121         54         40         16
     1632840000.5493         15          1        121         54         40         16
     1649260000.6944         15          1        121         54         40         16
     1652080000.9955         15          1        121         54         40         16
     1658620000.2346         15          1        121         54         40         16
     1661070000.5157         15          1        121         54         40         16
     1676810000.9071         15          1        121         54         40         16
     1688090000.8762         15          1        121         54         40         16
     1688740000.1932         15          1        121         54         40         16
     1690590000.8695         15          1        121         54         40         16
     1698940000.4625         15          1        121         54         40         16
     1703830000.7998         15          1        121         54         40         16
     1704430000.6424         15          1        121         54         40         16
     1716090000.5224         15          1        121         54         40         16
     1720300000.8217         15          1        121         54         40         16
     1725510000.8967         15          1        121         54         40         16
     1727080000.6537         15          1        121         54         40         16
     1736170000.5206         15          1        121         54         40         16
     1746620000.3794         15          1        121         54         40         16
     1764500000.2216         15          1        121         54         40         16
     1771030000.9332         15          1        121         54         40         16
     1773860000.4138         15          1        121         54         40         16
     1777760000.1871         15          1        121         54         40         16
     1778550000.2924         15          1        121         54         40         16
     1782290000.2235         15          1        121         54         40         16
     1783060000.2394         15          1        121         54         40         16
     1793980000.5762         15          1        121         54         40         16
     1797760000.4526         15          1        121         54         40         16
     1800750000.6711         15          1        121         54         40         16
     1816210000.4047         15          1        121         54         40         16
     1822710000.2077         15          1        121         54         40         16
     1823430000.4844         15          1        121         54         40         16
     1828080000.9391         15          1        121         54         40         16
     1846390000.9844         15          1        121         54         40         16
     1850380000.3588         15          1        121         54         40         16
     1863010000.1857         15          1        121         54         40         16
     1873650000.7585         14          1        121         54         41         15
     1885210000.6798         14          1        121         54         41         15
     1914080000.0716         13          1        121         54         42         14
     1920750000.6786         13          1        121         54         42         14
     1924220000.2039         13          1        121         54         42         14
     1924800000.9613         13          1        121         54         42         14
     1932630000.8787         13          1        121         54         42         14
     1935210000.8103         13          1        121         54         42         14
     1936440000.3141         13          1        121         54         42         14
     1936940000.4153         13          1        121         54         42         14
     1938880000.9956         13          1        121         54         42         14
     1939730000.1581         13          1        121         54         42         14
     1945890000.3219         13          1        121         54         42         14
     1946310000.0031         13          1        121         54         42         14
     1946390000.5325         13          1        121         54         42         14
     1949730000.0939         13          1        121         54         42         14
     1957690000.9716         13          1        121         54         42         14
     1963210000.5800         13          1        121         54         42         14
     1964670000.9386         13          1        121         54         42         14
     1968770000.2676         13          1        121         54         42         14
     1973890000.8964         13          1        121         54         42         14
     1994100000.4197         13          1        121         54         42         14
     2009550000.9729         13          1        121         54         42         14
     2012590000.0307         13          1        121         54         42         14
     2015470000.2711         13          1        121         54         42         14
     2017300000.5018         13          1        121         54         42         14
     2026170000.9791         13          1        121         54         42         14
     2029970000.3919         13          1        121         54         42         14
     2030210000.8186         13          1        121         54         42         14
     2032190000.1911         13          1        121         54         42         14
     2032380000.8000         13          1        121         54         42         14
     2037050000.0098         13          1        121         54         42         14
     2043090000.6713         12          1        121         54         43         13
     2047650000.7634         12          1        121         54         43         13
     2054820000.5584         12          1        121         54         43         13
     2057250000.0101         12          1        121         54         43         13
     2058300000.3344         12          1        121         54         43         13
     2069240000.3766         12          1        121         54         43         13
     2074290000.3075         12          1        121         54         43         13
     2083650000.6156         12          1        121         54         43         13
     2096650000.7584         12          1        121         54         43         13
     2100370000.9906         12          1        121         54         43         13
     2105790000.2564         12          1        121         54         43         13
     2106340000.9028         12          1        121         54         43         13
     2110310000.4488         12          1        121         54         43         13
     2111610000.0882         12          1        121         54         43         13
     2132290000.1534         12          1        121         54         43         13
     2137640000.1962         12          1        121         54         43         13
     2138570000.8746         12          1        121         54         43         13
     2142350000.9738         12          1        121         54         43         13
     2143590000.5106         12          1        121         54         43         13
     2143880000.0321         12          1        121         54         43         13
