                Time  Interstls  Vacancies   Recmbtns   VcncySfc   IntlnSfc  defects
              0.0000        174        173          2          0          0        347
            100.0000        174        173          2          0          0        347
            200.0000        174        173          2          0          0        347
            300.0000        174        173          2          0          0        347
            400.0000        174        173          2          0          0        347
            500.0000        174        173          2          0          0        347
            600.0000        173        172          3          0          0        345
            700.0000        173        172          3          0          0        345
            800.0000        172        171          4          0          0        343
            900.0000        172        171          4          0          0        343
           1000.0000        172        171          4          0          0        343
           2000.0000        170        169          6          0          0        339
           3000.0000        168        167          8          0          0        335
           4000.0000        167        166          9          0          0        333
           5000.0000        164        163         12          0          0        327
           6000.0000        164        163         12          0          0        327
           7000.0000        164        163         12          0          0        327
           8000.0000        163        162         13          0          0        325
           9000.0000        162        161         14          0          0        323
          10000.0000        161        160         15          0          0        321
          11000.0000        158        157         18          0          0        315
          12000.0000        158        157         18          0          0        315
          13000.0000        157        156         19          0          0        313
          14000.0000        157        156         19          0          0        313
          15000.0000        156        155         20          0          0        311
          16000.0000        155        154         21          0          0        309
          17000.0000        155        154         21          0          0        309
          18000.0000        155        154         21          0          0        309
          19000.0000        155        154         21          0          0        309
          20000.0000        155        154         21          0          0        309
          21000.0000        155        154         21          0          0        309
          22000.0000        155        154         21          0          0        309
          23000.0000        155        154         21          0          0        309
          24000.0000        154        153         22          0          0        307
          25000.0000        153        152         23          0          0        305
          26000.0000        153        152         23          0          0        305
          27000.0000        153        152         23          0          0        305
          28000.0000        153        152         23          0          0        305
          29000.0000        153        152         23          0          0        305
          30000.0000        153        152         23          0          0        305
          31000.0000        153        152         23          0          0        305
          32000.0000        153        152         23          0          0        305
          33000.0000        153        152         23          0          0        305
          34000.0000        152        151         24          0          0        303
          35000.0000        152        151         24          0          0        303
          36000.0000        152        151         24          0          0        303
          37000.0000        152        151         24          0          0        303
          38000.0000        152        151         24          0          0        303
          39000.0000        152        151         24          0          0        303
          40000.0000        152        151         24          0          0        303
          41000.0000        152        151         24          0          0        303
          42000.0000        152        151         24          0          0        303
          43000.0000        152        151         24          0          0        303
          44000.0000        152        151         24          0          0        303
          45000.0000        151        150         25          0          0        301
          46000.0000        151        150         25          0          0        301
          47000.0000        151        150         25          0          0        301
          48000.0000        151        150         25          0          0        301
          49000.0000        151        150         25          0          0        301
          50000.0000        151        150         25          0          0        301
          51000.0000        151        150         25          0          0        301
          52000.0000        151        150         25          0          0        301
          53000.0000        151        150         25          0          0        301
          54000.0000        151        150         25          0          0        301
          55000.0000        151        150         25          0          0        301
          56000.0000        151        150         25          0          0        301
          57000.0000        150        149         26          0          0        299
          58000.0000        150        149         26          0          0        299
          59000.0000        150        149         26          0          0        299
          60000.0000        150        149         26          0          0        299
          61000.0000        150        149         26          0          0        299
          62000.0000        150        149         26          0          0        299
          63000.0000        150        149         26          0          0        299
          64000.0000        150        149         26          0          0        299
          65000.0000        150        149         26          0          0        299
          66000.0000        150        149         26          0          0        299
          67000.0000        150        149         26          0          0        299
          68000.0000        150        149         26          0          0        299
          69000.0000        150        149         26          0          0        299
          70000.0000        150        149         26          0          0        299
          71000.0000        150        149         26          0          0        299
          72000.0000        150        149         26          0          0        299
          73000.0000        150        149         26          0          0        299
          74000.0000        150        149         26          0          0        299
          75000.0000        150        149         26          0          0        299
          76000.0000        150        149         26          0          0        299
          77000.0000        150        149         26          0          0        299
          78000.0000        149        149         26          0          1        298
          79000.0000        149        149         26          0          1        298
          80000.0000        148        149         26          0          2        297
          81000.0000        148        149         26          0          2        297
          82000.0000        148        149         26          0          2        297
          83000.0000        148        149         26          0          2        297
          84000.0000        148        149         26          0          2        297
          85000.0000        148        149         26          0          2        297
          86000.0000        148        149         26          0          2        297
          87000.0000        148        149         26          0          2        297
          88000.0000        148        149         26          0          2        297
          89000.0000        148        149         26          0          2        297
          90000.0000        148        149         26          0          2        297
          91000.0000        148        149         26          0          2        297
          92000.0000        148        149         26          0          2        297
          93000.0000        148        149         26          0          2        297
          94000.0000        148        149         26          0          2        297
          95000.0000        147        149         26          0          3        296
          96000.0000        147        149         26          0          3        296
          97000.0000        147        149         26          0          3        296
          98000.0000        147        149         26          0          3        296
          99000.0000        147        149         26          0          3        296
         100000.0000        146        149         26          0          4        295
         101000.0000        146        149         26          0          4        295
         102000.0000        145        149         26          0          5        294
         103000.0000        145        149         26          0          5        294
         104000.0000        145        149         26          0          5        294
         105000.0000        145        149         26          0          5        294
         106000.0000        145        149         26          0          5        294
         107000.0000        145        149         26          0          5        294
         108000.0000        145        149         26          0          5        294
         109000.0000        145        149         26          0          5        294
         110000.0000        145        149         26          0          5        294
         111000.0000        145        149         26          0          5        294
         112000.0000        145        149         26          0          5        294
         113000.0000        145        149         26          0          5        294
         114000.0000        145        149         26          0          5        294
         115000.0000        145        149         26          0          5        294
         116000.0000        145        149         26          0          5        294
         117000.0000        145        149         26          0          5        294
         118000.0000        145        149         26          0          5        294
         119000.0000        145        149         26          0          5        294
         120000.0000        145        149         26          0          5        294
         121000.0000        145        149         26          0          5        294
         122000.0000        145        149         26          0          5        294
         123000.0000        145        149         26          0          5        294
         124000.0000        145        149         26          0          5        294
         125000.0000        145        149         26          0          5        294
         126000.0000        145        149         26          0          5        294
         127000.0000        145        149         26          0          5        294
         128000.0000        145        149         26          0          5        294
         129000.0000        145        149         26          0          5        294
         130000.0000        145        149         26          0          5        294
         131000.0000        145        149         26          0          5        294
         132000.0000        145        149         26          0          5        294
         133000.0000        145        149         26          0          5        294
         134000.0000        145        149         26          0          5        294
         135000.0000        145        149         26          0          5        294
         136000.0000        145        149         26          0          5        294
         137000.0000        145        149         26          0          5        294
         138000.0000        145        149         26          0          5        294
         139000.0000        145        149         26          0          5        294
         140000.0000        145        149         26          0          5        294
         141000.0000        145        149         26          0          5        294
         142000.0000        144        149         26          0          6        293
         143000.0000        144        149         26          0          6        293
         144000.0000        144        149         26          0          6        293
         145000.0000        144        149         26          0          6        293
         146000.0000        144        149         26          0          6        293
         147000.0000        144        149         26          0          6        293
         148000.0000        142        149         26          0          8        291
         149000.0000        142        149         26          0          8        291
         150000.0000        142        149         26          0          8        291
         151000.0000        142        149         26          0          8        291
         152000.0000        142        149         26          0          8        291
         153000.0000        142        149         26          0          8        291
         154000.0000        142        149         26          0          8        291
         155000.0000        141        149         26          0          9        290
         156000.0000        141        149         26          0          9        290
         157000.0000        141        149         26          0          9        290
         158000.0000        141        149         26          0          9        290
         159000.0000        141        149         26          0          9        290
         160000.0000        141        149         26          0          9        290
         161000.0000        141        149         26          0          9        290
         162000.0000        141        149         26          0          9        290
         163000.0000        140        149         26          0         10        289
         164000.0000        140        149         26          0         10        289
         165000.0000        140        149         26          0         10        289
         166000.0000        140        149         26          0         10        289
         167000.0000        140        149         26          0         10        289
         168000.0000        140        149         26          0         10        289
         169000.0000        140        149         26          0         10        289
         170000.0000        140        149         26          0         10        289
         171000.0000        140        149         26          0         10        289
         172000.0000        140        149         26          0         10        289
         173000.0000        140        149         26          0         10        289
         174000.0000        140        149         26          0         10        289
         175000.0000        140        149         26          0         10        289
         176000.0000        139        149         26          0         11        288
         177000.0000        139        149         26          0         11        288
         178000.0000        139        149         26          0         11        288
         179000.0000        139        149         26          0         11        288
         180000.0000        139        149         26          0         11        288
         181000.0000        139        149         26          0         11        288
         182000.0000        139        149         26          0         11        288
         183000.0000        139        149         26          0         11        288
         184000.0000        139        149         26          0         11        288
         185000.0000        139        149         26          0         11        288
         186000.0000        139        149         26          0         11        288
         187000.0000        139        149         26          0         11        288
         188000.0000        138        149         26          0         12        287
         189000.0000        138        149         26          0         12        287
         190000.0000        138        149         26          0         12        287
         191000.0000        138        149         26          0         12        287
         192000.0000        138        149         26          0         12        287
         193000.0000        138        149         26          0         12        287
         194000.0000        138        149         26          0         12        287
         195000.0000        138        149         26          0         12        287
         196000.0000        138        149         26          0         12        287
         197000.0000        138        149         26          0         12        287
         198000.0000        138        149         26          0         12        287
         199000.0000        138        149         26          0         12        287
         200000.0000        138        149         26          0         12        287
         201000.0000        138        149         26          0         12        287
         202000.0000        138        149         26          0         12        287
         203000.0000        138        149         26          0         12        287
         204000.0000        138        149         26          0         12        287
         205000.0000        138        149         26          0         12        287
         206000.0000        138        149         26          0         12        287
         207000.0000        138        149         26          0         12        287
         208000.0000        138        149         26          0         12        287
         209000.0000        138        149         26          0         12        287
         210000.0000        138        149         26          0         12        287
         211000.0000        138        149         26          0         12        287
         212000.0000        138        149         26          0         12        287
         213000.0000        138        149         26          0         12        287
         214000.0000        138        149         26          0         12        287
         215000.0000        138        149         26          0         12        287
         216000.0000        138        149         26          0         12        287
         217000.0000        138        149         26          0         12        287
         218000.0000        138        149         26          0         12        287
         219000.0000        138        149         26          0         12        287
         220000.0000        138        149         26          0         12        287
         221000.0000        138        149         26          0         12        287
         222000.0000        138        149         26          0         12        287
         223000.0000        138        149         26          0         12        287
         224000.0000        138        149         26          0         12        287
         225000.0000        138        149         26          0         12        287
         226000.0000        138        149         26          0         12        287
         227000.0000        138        149         26          0         12        287
         228000.0000        138        149         26          0         12        287
         229000.0000        138        149         26          0         12        287
         230000.0000        138        149         26          0         12        287
         231000.0000        138        149         26          0         12        287
         232000.0000        138        149         26          0         12        287
         233000.0000        138        149         26          0         12        287
         234000.0000        138        149         26          0         12        287
         235000.0000        138        149         26          0         12        287
         236000.0000        138        149         26          0         12        287
         237000.0000        138        149         26          0         12        287
         238000.0000        137        149         26          0         13        286
         239000.0000        137        149         26          0         13        286
         240000.0000        137        149         26          0         13        286
         241000.0000        137        149         26          0         13        286
         242000.0000        137        149         26          0         13        286
         243000.0000        137        149         26          0         13        286
         244000.0000        137        149         26          0         13        286
         245000.0000        137        149         26          0         13        286
         246000.0000        137        149         26          0         13        286
         247000.0000        137        149         26          0         13        286
         248000.0000        137        149         26          0         13        286
         249000.0000        137        149         26          0         13        286
         250000.0000        137        149         26          0         13        286
         251000.0000        137        149         26          0         13        286
         252000.0000        137        149         26          0         13        286
         253000.0000        137        149         26          0         13        286
         254000.0000        137        149         26          0         13        286
         255000.0000        137        149         26          0         13        286
         256000.0000        137        149         26          0         13        286
         257000.0000        137        149         26          0         13        286
         258000.0000        137        149         26          0         13        286
         259000.0000        137        149         26          0         13        286
         260000.0000        137        149         26          0         13        286
         261000.0000        137        149         26          0         13        286
         262000.0000        137        149         26          0         13        286
         263000.0000        137        149         26          0         13        286
         264000.0000        137        149         26          0         13        286
         265000.0000        135        149         26          0         15        284
         266000.0000        135        149         26          0         15        284
         267000.0000        135        149         26          0         15        284
         268000.0000        135        149         26          0         15        284
         269000.0000        135        149         26          0         15        284
         270000.0000        135        149         26          0         15        284
         271000.0000        135        149         26          0         15        284
         272000.0000        135        149         26          0         15        284
         273000.0000        135        149         26          0         15        284
         274000.0000        135        149         26          0         15        284
         275000.0000        135        149         26          0         15        284
         276000.0000        135        149         26          0         15        284
         277000.0000        135        149         26          0         15        284
         278000.0000        135        149         26          0         15        284
         279000.0000        134        149         26          0         16        283
         280000.0000        134        149         26          0         16        283
         281000.0000        134        149         26          0         16        283
         282000.0000        134        149         26          0         16        283
         283000.0000        134        149         26          0         16        283
         284000.0000        134        149         26          0         16        283
         285000.0000        134        149         26          0         16        283
         286000.0000        134        149         26          0         16        283
         287000.0000        134        149         26          0         16        283
         288000.0000        134        149         26          0         16        283
         289000.0000        134        149         26          0         16        283
         290000.0000        134        149         26          0         16        283
         291000.0000        134        149         26          0         16        283
         292000.0000        134        149         26          0         16        283
         293000.0000        134        149         26          0         16        283
         294000.0000        134        149         26          0         16        283
         295000.0000        134        149         26          0         16        283
         296000.0000        134        149         26          0         16        283
         297000.0000        134        149         26          0         16        283
         298000.0000        133        149         26          0         17        282
         299000.0000        133        149         26          0         17        282
         300000.0000        133        149         26          0         17        282
         301000.0000        133        149         26          0         17        282
         302000.0000        133        149         26          0         17        282
         303000.0000        133        149         26          0         17        282
         304000.0000        133        149         26          0         17        282
         305000.0000        133        149         26          0         17        282
         306000.0000        133        149         26          0         17        282
         307000.0000        133        149         26          0         17        282
         308000.0000        133        149         26          0         17        282
         309000.0000        133        149         26          0         17        282
         310000.0000        133        149         26          0         17        282
         311000.0000        133        149         26          0         17        282
         312000.0000        133        149         26          0         17        282
         313000.0000        133        149         26          0         17        282
         314000.0000        133        149         26          0         17        282
         315000.0000        133        149         26          0         17        282
         316000.0000        133        149         26          0         17        282
         317000.0000        133        149         26          0         17        282
         318000.0000        133        149         26          0         17        282
         319000.0000        133        149         26          0         17        282
         320000.0000        133        149         26          0         17        282
         321000.0000        133        149         26          0         17        282
         322000.0000        133        149         26          0         17        282
         323000.0000        133        149         26          0         17        282
         324000.0000        133        149         26          0         17        282
         325000.0000        133        149         26          0         17        282
         326000.0000        133        149         26          0         17        282
         327000.0000        133        149         26          0         17        282
         328000.0000        133        149         26          0         17        282
         329000.0000        133        149         26          0         17        282
         330000.0000        133        149         26          0         17        282
         331000.0000        133        149         26          0         17        282
         332000.0000        133        149         26          0         17        282
         333000.0000        133        149         26          0         17        282
         334000.0000        133        149         26          0         17        282
         335000.0000        133        149         26          0         17        282
         336000.0000        133        149         26          0         17        282
         337000.0000        133        149         26          0         17        282
         338000.0000        132        149         26          0         18        281
         339000.0000        132        149         26          0         18        281
         340000.0000        132        149         26          0         18        281
         341000.0000        132        149         26          0         18        281
         342000.0000        132        149         26          0         18        281
         343000.0000        132        149         26          0         18        281
         344000.0000        132        149         26          0         18        281
         345000.0000        132        149         26          0         18        281
         346000.0000        132        149         26          0         18        281
         347000.0000        132        149         26          0         18        281
         348000.0000        132        149         26          0         18        281
         349000.0000        132        149         26          0         18        281
         350000.0000        130        149         26          0         20        279
         351000.0000        130        149         26          0         20        279
         352000.0000        130        149         26          0         20        279
         353000.0000        130        149         26          0         20        279
         354000.0000        130        149         26          0         20        279
         355000.0000        130        149         26          0         20        279
         356000.0000        129        149         26          0         21        278
         357000.0000        129        149         26          0         21        278
         358000.0000        129        149         26          0         21        278
         359000.0000        129        149         26          0         21        278
         360000.0000        129        149         26          0         21        278
         361000.0000        129        149         26          0         21        278
         362000.0000        129        149         26          0         21        278
         363000.0000        129        149         26          0         21        278
         364000.0000        129        149         26          0         21        278
         365000.0000        129        149         26          0         21        278
         366000.0000        129        149         26          0         21        278
         367000.0000        128        149         26          0         22        277
         368000.0000        128        149         26          0         22        277
         369000.0000        128        149         26          0         22        277
         370000.0000        128        149         26          0         22        277
         371000.0000        128        149         26          0         22        277
         372000.0000        128        149         26          0         22        277
         373000.0000        128        149         26          0         22        277
         374000.0000        128        149         26          0         22        277
         375000.0000        128        149         26          0         22        277
         376000.0000        128        149         26          0         22        277
         377000.0000        128        149         26          0         22        277
         378000.0000        128        149         26          0         22        277
         379000.0000        128        149         26          0         22        277
         380000.0000        128        149         26          0         22        277
         381000.0000        128        149         26          0         22        277
         382000.0000        127        149         26          0         23        276
         383000.0000        127        149         26          0         23        276
         384000.0000        127        149         26          0         23        276
         385000.0000        127        149         26          0         23        276
         386000.0000        127        149         26          0         23        276
         387000.0000        127        149         26          0         23        276
         388000.0000        127        149         26          0         23        276
         389000.0000        127        149         26          0         23        276
         390000.0000        127        149         26          0         23        276
         391000.0000        126        149         26          0         24        275
         392000.0000        126        149         26          0         24        275
         393000.0000        126        149         26          0         24        275
         394000.0000        126        149         26          0         24        275
         395000.0000        126        149         26          0         24        275
         396000.0000        126        149         26          0         24        275
         397000.0000        126        149         26          0         24        275
         398000.0000        126        149         26          0         24        275
         399000.0000        126        149         26          0         24        275
         400000.0000        126        149         26          0         24        275
         401000.0000        126        149         26          0         24        275
         402000.0000        126        149         26          0         24        275
         403000.0000        126        149         26          0         24        275
         404000.0000        126        149         26          0         24        275
         405000.0000        126        149         26          0         24        275
         406000.0000        125        149         26          0         25        274
         407000.0000        125        149         26          0         25        274
         408000.0000        125        149         26          0         25        274
         409000.0000        125        149         26          0         25        274
         410000.0000        125        149         26          0         25        274
         411000.0000        125        149         26          0         25        274
         412000.0000        125        149         26          0         25        274
         413000.0000        124        149         26          0         26        273
         414000.0000        124        149         26          0         26        273
         415000.0000        124        149         26          0         26        273
         416000.0000        124        149         26          0         26        273
         417000.0000        124        149         26          0         26        273
         418000.0000        124        149         26          0         26        273
         419000.0000        124        149         26          0         26        273
         420000.0000        124        149         26          0         26        273
         421000.0000        124        149         26          0         26        273
         422000.0000        124        149         26          0         26        273
         423000.0000        124        149         26          0         26        273
         424000.0000        124        149         26          0         26        273
         425000.0000        124        149         26          0         26        273
         426000.0000        124        149         26          0         26        273
         427000.0000        124        149         26          0         26        273
         428000.0000        124        149         26          0         26        273
         429000.0000        124        149         26          0         26        273
         430000.0000        124        149         26          0         26        273
         431000.0000        124        149         26          0         26        273
         432000.0000        124        149         26          0         26        273
         433000.0000        124        149         26          0         26        273
         434000.0000        124        149         26          0         26        273
         435000.0000        124        149         26          0         26        273
         436000.0000        124        149         26          0         26        273
         437000.0000        124        149         26          0         26        273
         438000.0000        124        149         26          0         26        273
         439000.0000        124        149         26          0         26        273
         440000.0000        124        149         26          0         26        273
         441000.0000        124        149         26          0         26        273
         442000.0000        124        149         26          0         26        273
         443000.0000        124        149         26          0         26        273
         444000.0000        124        149         26          0         26        273
         445000.0000        124        149         26          0         26        273
         446000.0000        124        149         26          0         26        273
         447000.0000        123        149         26          0         27        272
         448000.0000        123        149         26          0         27        272
         449000.0000        123        149         26          0         27        272
         450000.0000        123        149         26          0         27        272
         451000.0000        123        149         26          0         27        272
         452000.0000        123        149         26          0         27        272
         453000.0000        123        149         26          0         27        272
         454000.0000        123        149         26          0         27        272
         455000.0000        123        149         26          0         27        272
         456000.0000        123        149         26          0         27        272
         457000.0000        123        149         26          0         27        272
         458000.0000        123        149         26          0         27        272
         459000.0000        123        149         26          0         27        272
         460000.0000        123        149         26          0         27        272
         461000.0000        123        149         26          0         27        272
         462000.0000        123        149         26          0         27        272
         463000.0000        123        149         26          0         27        272
         464000.0000        123        149         26          0         27        272
         465000.0000        123        149         26          0         27        272
         466000.0000        123        149         26          0         27        272
         467000.0000        123        149         26          0         27        272
         468000.0000        123        149         26          0         27        272
         469000.0000        123        149         26          0         27        272
         470000.0000        123        149         26          0         27        272
         471000.0000        123        149         26          0         27        272
         472000.0000        123        149         26          0         27        272
         473000.0000        123        149         26          0         27        272
         474000.0000        123        149         26          0         27        272
         475000.0000        123        149         26          0         27        272
         476000.0000        123        149         26          0         27        272
         477000.0000        123        149         26          0         27        272
         478000.0000        123        149         26          0         27        272
         479000.0000        123        149         26          0         27        272
         480000.0000        122        149         26          0         28        271
         481000.0000        122        149         26          0         28        271
         482000.0000        122        149         26          0         28        271
         483000.0000        122        149         26          0         28        271
         484000.0000        122        149         26          0         28        271
         485000.0000        122        149         26          0         28        271
         486000.0000        122        149         26          0         28        271
         487000.0000        122        149         26          0         28        271
         488000.0000        122        149         26          0         28        271
         489000.0000        122        149         26          0         28        271
         490000.0000        122        149         26          0         28        271
         491000.0000        122        149         26          0         28        271
         492000.0000        122        149         26          0         28        271
         493000.0000        122        149         26          0         28        271
         494000.0000        122        149         26          0         28        271
         495000.0000        122        149         26          0         28        271
         496000.0000        122        149         26          0         28        271
         497000.0000        122        149         26          0         28        271
         498000.0000        122        149         26          0         28        271
         499000.0000        122        149         26          0         28        271
         500000.0000        122        149         26          0         28        271
         501000.0000        122        149         26          0         28        271
         502000.0000        122        149         26          0         28        271
         503000.0000        122        149         26          0         28        271
         504000.0000        122        149         26          0         28        271
         505000.0000        122        149         26          0         28        271
         506000.0000        122        149         26          0         28        271
         507000.0000        122        149         26          0         28        271
         508000.0000        122        149         26          0         28        271
         509000.0000        122        149         26          0         28        271
         510000.0000        122        149         26          0         28        271
         511000.0000        122        149         26          0         28        271
         512000.0000        122        149         26          0         28        271
         513000.0000        122        149         26          0         28        271
         514000.0000        121        149         26          0         29        270
         515000.0000        121        149         26          0         29        270
         516000.0000        121        149         26          0         29        270
         517000.0000        121        149         26          0         29        270
         518000.0000        121        149         26          0         29        270
         519000.0000        121        149         26          0         29        270
         520000.0000        121        149         26          0         29        270
         521000.0000        120        149         26          0         30        269
         522000.0000        120        149         26          0         30        269
         523000.0000        120        149         26          0         30        269
         524000.0000        119        149         26          0         31        268
         525000.0000        119        149         26          0         31        268
         526000.0000        118        149         26          0         32        267
         527000.0000        118        149         26          0         32        267
         528000.0000        117        149         26          0         33        266
         529000.0000        117        149         26          0         33        266
         530000.0000        117        149         26          0         33        266
         531000.0000        117        149         26          0         33        266
         532000.0000        117        149         26          0         33        266
         533000.0000        117        149         26          0         33        266
         534000.0000        117        149         26          0         33        266
         535000.0000        117        149         26          0         33        266
         536000.0000        117        149         26          0         33        266
         537000.0000        117        149         26          0         33        266
         538000.0000        117        149         26          0         33        266
         539000.0000        117        149         26          0         33        266
         540000.0000        117        149         26          0         33        266
         541000.0000        117        149         26          0         33        266
         542000.0000        116        149         26          0         34        265
         543000.0000        116        149         26          0         34        265
         544000.0000        116        149         26          0         34        265
         545000.0000        116        149         26          0         34        265
         546000.0000        116        149         26          0         34        265
         547000.0000        116        149         26          0         34        265
         548000.0000        116        149         26          0         34        265
         549000.0000        116        149         26          0         34        265
         550000.0000        116        149         26          0         34        265
         551000.0000        116        149         26          0         34        265
         552000.0000        116        149         26          0         34        265
         553000.0000        116        149         26          0         34        265
         554000.0000        116        149         26          0         34        265
         555000.0000        116        149         26          0         34        265
         556000.0000        116        149         26          0         34        265
         557000.0000        116        149         26          0         34        265
         558000.0000        116        149         26          0         34        265
         559000.0000        115        149         26          0         35        264
         560000.0000        115        149         26          0         35        264
         561000.0000        115        149         26          0         35        264
         562000.0000        115        149         26          0         35        264
         563000.0000        115        149         26          0         35        264
         564000.0000        115        149         26          0         35        264
         565000.0000        115        149         26          0         35        264
         566000.0000        115        149         26          0         35        264
         567000.0000        115        149         26          0         35        264
         568000.0000        115        149         26          0         35        264
         569000.0000        115        149         26          0         35        264
         570000.0000        115        149         26          0         35        264
         571000.0000        115        149         26          0         35        264
         572000.0000        115        149         26          0         35        264
         573000.0000        115        149         26          0         35        264
         574000.0000        115        149         26          0         35        264
         575000.0000        115        149         26          0         35        264
         576000.0000        115        149         26          0         35        264
         577000.0000        115        149         26          0         35        264
         578000.0000        115        149         26          0         35        264
         579000.0000        114        149         26          0         36        263
         580000.0000        114        149         26          0         36        263
         581000.0000        114        149         26          0         36        263
         582000.0000        114        149         26          0         36        263
         583000.0000        114        149         26          0         36        263
         584000.0000        114        149         26          0         36        263
         585000.0000        114        149         26          0         36        263
         586000.0000        114        149         26          0         36        263
         587000.0000        114        149         26          0         36        263
         588000.0000        114        149         26          0         36        263
         589000.0000        113        149         26          0         37        262
         590000.0000        113        149         26          0         37        262
         591000.0000        113        149         26          0         37        262
         592000.0000        113        149         26          0         37        262
         593000.0000        113        149         26          0         37        262
         594000.0000        113        149         26          0         37        262
         595000.0000        113        149         26          0         37        262
         596000.0000        112        149         26          0         38        261
         597000.0000        112        149         26          0         38        261
         598000.0000        112        149         26          0         38        261
         599000.0000        112        149         26          0         38        261
         600000.0000        112        149         26          0         38        261
         601000.0000        112        149         26          0         38        261
         602000.0000        112        149         26          0         38        261
         603000.0000        112        149         26          0         38        261
         604000.0000        111        149         26          0         39        260
         605000.0000        111        149         26          0         39        260
         606000.0000        111        149         26          0         39        260
         607000.0000        111        149         26          0         39        260
         608000.0000        111        149         26          0         39        260
         609000.0000        111        149         26          0         39        260
         610000.0000        111        149         26          0         39        260
         611000.0000        111        149         26          0         39        260
         612000.0000        111        149         26          0         39        260
         613000.0000        111        149         26          0         39        260
         614000.0000        111        149         26          0         39        260
         615000.0000        111        149         26          0         39        260
         616000.0000        111        149         26          0         39        260
         617000.0000        111        149         26          0         39        260
         618000.0000        111        149         26          0         39        260
         619000.0000        111        149         26          0         39        260
         620000.0000        111        149         26          0         39        260
         621000.0000        111        149         26          0         39        260
         622000.0000        111        149         26          0         39        260
         623000.0000        110        149         26          0         40        259
         624000.0000        110        149         26          0         40        259
         625000.0000        110        149         26          0         40        259
         626000.0000        110        149         26          0         40        259
         627000.0000        110        149         26          0         40        259
         628000.0000        110        149         26          0         40        259
         629000.0000        110        149         26          0         40        259
         630000.0000        110        149         26          0         40        259
         631000.0000        110        149         26          0         40        259
         632000.0000        110        149         26          0         40        259
         633000.0000        110        149         26          0         40        259
         634000.0000        110        149         26          0         40        259
         635000.0000        110        149         26          0         40        259
         636000.0000        110        149         26          0         40        259
         637000.0000        110        149         26          0         40        259
         638000.0000        110        149         26          0         40        259
         639000.0000        110        149         26          0         40        259
         640000.0000        110        149         26          0         40        259
         641000.0000        110        149         26          0         40        259
         642000.0000        109        149         26          0         41        258
         643000.0000        109        149         26          0         41        258
         644000.0000        109        149         26          0         41        258
         645000.0000        109        149         26          0         41        258
         646000.0000        109        149         26          0         41        258
         647000.0000        109        149         26          0         41        258
         648000.0000        109        149         26          0         41        258
         649000.0000        109        149         26          0         41        258
         650000.0000        109        149         26          0         41        258
         651000.0000        109        149         26          0         41        258
         652000.0000        109        149         26          0         41        258
         653000.0000        109        149         26          0         41        258
         654000.0000        109        149         26          0         41        258
         655000.0000        109        149         26          0         41        258
         656000.0000        109        149         26          0         41        258
         657000.0000        109        149         26          0         41        258
         658000.0000        109        149         26          0         41        258
         659000.0000        109        149         26          0         41        258
         660000.0000        109        149         26          0         41        258
         661000.0000        109        149         26          0         41        258
         662000.0000        108        149         26          0         42        257
         663000.0000        108        149         26          0         42        257
         664000.0000        108        149         26          0         42        257
         665000.0000        108        149         26          0         42        257
         666000.0000        108        149         26          0         42        257
         667000.0000        107        149         26          0         43        256
         668000.0000        107        149         26          0         43        256
         669000.0000        107        149         26          0         43        256
         670000.0000        107        149         26          0         43        256
         671000.0000        107        149         26          0         43        256
         672000.0000        106        149         26          0         44        255
         673000.0000        106        149         26          0         44        255
         674000.0000        106        149         26          0         44        255
         675000.0000        106        149         26          0         44        255
         676000.0000        106        149         26          0         44        255
         677000.0000        106        149         26          0         44        255
         678000.0000        106        149         26          0         44        255
         679000.0000        106        149         26          0         44        255
         680000.0000        106        149         26          0         44        255
         681000.0000        106        149         26          0         44        255
         682000.0000        106        149         26          0         44        255
         683000.0000        106        149         26          0         44        255
         684000.0000        106        149         26          0         44        255
         685000.0000        106        149         26          0         44        255
         686000.0000        106        149         26          0         44        255
         687000.0000        106        149         26          0         44        255
         688000.0000        106        149         26          0         44        255
         689000.0000        106        149         26          0         44        255
         690000.0000        106        149         26          0         44        255
         691000.0000        106        149         26          0         44        255
         692000.0000        106        149         26          0         44        255
         693000.0000        106        149         26          0         44        255
         694000.0000        106        149         26          0         44        255
         695000.0000        105        149         26          0         45        254
         696000.0000        105        149         26          0         45        254
         697000.0000        104        149         26          0         46        253
         698000.0000        104        149         26          0         46        253
         699000.0000        104        149         26          0         46        253
         700000.0000        104        149         26          0         46        253
         701000.0000        104        149         26          0         46        253
         702000.0000        104        149         26          0         46        253
         703000.0000        104        149         26          0         46        253
         704000.0000        104        149         26          0         46        253
         705000.0000        104        149         26          0         46        253
         706000.0000        104        149         26          0         46        253
         707000.0000        103        149         26          0         47        252
         708000.0000        103        149         26          0         47        252
         709000.0000        103        149         26          0         47        252
         710000.0000        103        149         26          0         47        252
         711000.0000        103        149         26          0         47        252
         712000.0000        103        149         26          0         47        252
         713000.0000        103        149         26          0         47        252
         714000.0000        103        149         26          0         47        252
         715000.0000        103        149         26          0         47        252
         716000.0000        103        149         26          0         47        252
         717000.0000        103        149         26          0         47        252
         718000.0000        103        149         26          0         47        252
         719000.0000        103        149         26          0         47        252
         720000.0000        103        149         26          0         47        252
         721000.0000        103        149         26          0         47        252
         722000.0000        103        149         26          0         47        252
         723000.0000        103        149         26          0         47        252
         724000.0000        103        149         26          0         47        252
         725000.0000        103        149         26          0         47        252
         726000.0000        103        149         26          0         47        252
         727000.0000        103        149         26          0         47        252
         728000.0000        103        149         26          0         47        252
         729000.0000        103        149         26          0         47        252
         730000.0000        103        149         26          0         47        252
         731000.0000        103        149         26          0         47        252
         732000.0000        103        149         26          0         47        252
         733000.0000        103        149         26          0         47        252
         734000.0000        103        149         26          0         47        252
         735000.0000        103        149         26          0         47        252
         736000.0000        103        149         26          0         47        252
         737000.0000        103        149         26          0         47        252
         738000.0000        103        149         26          0         47        252
         739000.0000        102        149         26          0         48        251
         740000.0000        102        149         26          0         48        251
         741000.0000        102        149         26          0         48        251
         742000.0000        102        149         26          0         48        251
         743000.0000        102        149         26          0         48        251
         744000.0000        102        149         26          0         48        251
         745000.0000        102        149         26          0         48        251
         746000.0000        102        149         26          0         48        251
         747000.0000        102        149         26          0         48        251
         748000.0000        102        149         26          0         48        251
         749000.0000        102        149         26          0         48        251
         750000.0000        102        149         26          0         48        251
         751000.0000        102        149         26          0         48        251
         752000.0000        102        149         26          0         48        251
         753000.0000        102        149         26          0         48        251
         754000.0000        102        149         26          0         48        251
         755000.0000        102        149         26          0         48        251
         756000.0000        102        149         26          0         48        251
         757000.0000        102        149         26          0         48        251
         758000.0000        102        149         26          0         48        251
         759000.0000        101        149         26          0         49        250
         760000.0000        101        149         26          0         49        250
         761000.0000        101        149         26          0         49        250
         762000.0000        101        149         26          0         49        250
         763000.0000        101        149         26          0         49        250
         764000.0000        101        149         26          0         49        250
         765000.0000        101        149         26          0         49        250
         766000.0000        101        149         26          0         49        250
         767000.0000        101        149         26          0         49        250
         768000.0000        101        149         26          0         49        250
         769000.0000        101        149         26          0         49        250
         770000.0000        101        149         26          0         49        250
         771000.0000        101        149         26          0         49        250
         772000.0000        101        149         26          0         49        250
         773000.0000        101        149         26          0         49        250
         774000.0000        101        149         26          0         49        250
         775000.0000        101        149         26          0         49        250
         776000.0000        101        149         26          0         49        250
         777000.0000        101        149         26          0         49        250
         778000.0000        100        149         26          0         50        249
         779000.0000        100        149         26          0         50        249
         780000.0000         99        149         26          0         51        248
         781000.0000         99        149         26          0         51        248
         782000.0000         99        149         26          0         51        248
         783000.0000         99        149         26          0         51        248
         784000.0000         99        149         26          0         51        248
         785000.0000         99        149         26          0         51        248
         786000.0000         99        149         26          0         51        248
         787000.0000         99        149         26          0         51        248
         788000.0000         99        149         26          0         51        248
         789000.0000         99        149         26          0         51        248
         790000.0000         99        149         26          0         51        248
         791000.0000         99        149         26          0         51        248
         792000.0000         99        149         26          0         51        248
         793000.0000         99        149         26          0         51        248
         794000.0000         99        149         26          0         51        248
         795000.0000         98        149         26          0         52        247
         796000.0000         97        149         26          0         53        246
         797000.0000         97        149         26          0         53        246
         798000.0000         97        149         26          0         53        246
         799000.0000         97        149         26          0         53        246
         800000.0000         97        149         26          0         53        246
         801000.0000         97        149         26          0         53        246
         802000.0000         97        149         26          0         53        246
         803000.0000         97        149         26          0         53        246
         804000.0000         97        149         26          0         53        246
         805000.0000         97        149         26          0         53        246
         806000.0000         97        149         26          0         53        246
         807000.0000         97        149         26          0         53        246
         808000.0000         97        149         26          0         53        246
         809000.0000         97        149         26          0         53        246
         810000.0000         97        149         26          0         53        246
         811000.0000         97        149         26          0         53        246
         812000.0000         97        149         26          0         53        246
         813000.0000         97        149         26          0         53        246
         814000.0000         97        149         26          0         53        246
         815000.0000         97        149         26          0         53        246
         816000.0000         97        149         26          0         53        246
         817000.0000         97        149         26          0         53        246
         818000.0000         97        149         26          0         53        246
         819000.0000         97        149         26          0         53        246
         820000.0000         97        149         26          0         53        246
         821000.0000         97        149         26          0         53        246
         822000.0000         97        149         26          0         53        246
         823000.0000         97        149         26          0         53        246
         824000.0000         97        149         26          0         53        246
         825000.0000         97        149         26          0         53        246
         826000.0000         97        149         26          0         53        246
         827000.0000         97        149         26          0         53        246
         828000.0000         97        149         26          0         53        246
         829000.0000         97        149         26          0         53        246
         830000.0000         97        149         26          0         53        246
         831000.0000         97        149         26          0         53        246
         832000.0000         96        149         26          0         54        245
         833000.0000         96        149         26          0         54        245
         834000.0000         96        149         26          0         54        245
         835000.0000         96        149         26          0         54        245
         836000.0000         96        149         26          0         54        245
         837000.0000         96        149         26          0         54        245
         838000.0000         96        149         26          0         54        245
         839000.0000         96        149         26          0         54        245
         840000.0000         96        149         26          0         54        245
         841000.0000         96        149         26          0         54        245
         842000.0000         96        149         26          0         54        245
         843000.0000         96        149         26          0         54        245
         844000.0000         96        149         26          0         54        245
         845000.0000         96        149         26          0         54        245
         846000.0000         96        149         26          0         54        245
         847000.0000         96        149         26          0         54        245
         848000.0000         96        149         26          0         54        245
         849000.0000         96        149         26          0         54        245
         850000.0000         96        149         26          0         54        245
         851000.0000         96        149         26          0         54        245
         852000.0000         96        149         26          0         54        245
         853000.0000         96        149         26          0         54        245
         854000.0000         96        149         26          0         54        245
         855000.0000         96        149         26          0         54        245
         856000.0000         96        149         26          0         54        245
         857000.0000         96        149         26          0         54        245
         858000.0000         95        149         26          0         55        244
         859000.0000         95        149         26          0         55        244
         860000.0000         95        149         26          0         55        244
         861000.0000         95        149         26          0         55        244
         862000.0000         95        149         26          0         55        244
         863000.0000         95        149         26          0         55        244
         864000.0000         95        149         26          0         55        244
         865000.0000         95        149         26          0         55        244
         866000.0000         95        149         26          0         55        244
         867000.0000         95        149         26          0         55        244
         868000.0000         95        149         26          0         55        244
         869000.0000         95        149         26          0         55        244
         870000.0000         95        149         26          0         55        244
         871000.0000         95        149         26          0         55        244
         872000.0000         95        149         26          0         55        244
         873000.0000         95        149         26          0         55        244
         874000.0000         95        149         26          0         55        244
         875000.0000         95        149         26          0         55        244
         876000.0000         95        149         26          0         55        244
         877000.0000         95        149         26          0         55        244
         878000.0000         95        149         26          0         55        244
         879000.0000         95        149         26          0         55        244
         880000.0000         95        149         26          0         55        244
         881000.0000         95        149         26          0         55        244
         882000.0000         95        149         26          0         55        244
         883000.0000         94        149         26          0         56        243
         884000.0000         94        149         26          0         56        243
         885000.0000         94        149         26          0         56        243
         886000.0000         94        149         26          0         56        243
         887000.0000         94        149         26          0         56        243
         888000.0000         94        149         26          0         56        243
         889000.0000         93        149         26          0         57        242
         890000.0000         93        149         26          0         57        242
         891000.0000         92        149         26          0         58        241
         892000.0000         91        149         26          0         59        240
         893000.0000         91        149         26          0         59        240
         894000.0000         91        149         26          0         59        240
         895000.0000         91        149         26          0         59        240
         896000.0000         91        149         26          0         59        240
         897000.0000         91        149         26          0         59        240
         898000.0000         91        149         26          0         59        240
         899000.0000         91        149         26          0         59        240
         900000.0000         91        149         26          0         59        240
         901000.0000         91        149         26          0         59        240
         902000.0000         91        149         26          0         59        240
         903000.0000         91        149         26          0         59        240
         904000.0000         91        149         26          0         59        240
         905000.0000         91        149         26          0         59        240
         906000.0000         91        149         26          0         59        240
         907000.0000         90        149         26          0         60        239
         908000.0000         90        149         26          0         60        239
         909000.0000         90        149         26          0         60        239
         910000.0000         90        149         26          0         60        239
         911000.0000         90        149         26          0         60        239
         912000.0000         90        149         26          0         60        239
         913000.0000         90        149         26          0         60        239
         914000.0000         90        149         26          0         60        239
         915000.0000         90        149         26          0         60        239
         916000.0000         90        149         26          0         60        239
         917000.0000         90        149         26          0         60        239
         918000.0000         90        149         26          0         60        239
         919000.0000         90        149         26          0         60        239
         920000.0000         90        149         26          0         60        239
         921000.0000         90        149         26          0         60        239
         922000.0000         90        149         26          0         60        239
         923000.0000         90        149         26          0         60        239
         924000.0000         90        149         26          0         60        239
         925000.0000         90        149         26          0         60        239
         926000.0000         90        149         26          0         60        239
         927000.0000         90        149         26          0         60        239
         928000.0000         90        149         26          0         60        239
         929000.0000         90        149         26          0         60        239
         930000.0000         90        149         26          0         60        239
         931000.0000         90        149         26          0         60        239
         932000.0000         90        149         26          0         60        239
         933000.0000         90        149         26          0         60        239
         934000.0000         90        149         26          0         60        239
         935000.0000         90        149         26          0         60        239
         936000.0000         90        149         26          0         60        239
         937000.0000         90        149         26          0         60        239
         938000.0000         90        149         26          0         60        239
         939000.0000         90        149         26          0         60        239
         940000.0000         90        149         26          0         60        239
         941000.0000         89        149         26          0         61        238
         942000.0000         89        149         26          0         61        238
         943000.0000         89        149         26          0         61        238
         944000.0000         89        149         26          0         61        238
         945000.0000         89        149         26          0         61        238
         946000.0000         89        149         26          0         61        238
         947000.0000         89        149         26          0         61        238
         948000.0000         89        149         26          0         61        238
         949000.0000         89        149         26          0         61        238
         950000.0000         89        149         26          0         61        238
         951000.0000         89        149         26          0         61        238
         952000.0000         89        149         26          0         61        238
         953000.0000         89        149         26          0         61        238
         954000.0000         89        149         26          0         61        238
         955000.0000         88        149         26          0         62        237
         956000.0000         87        149         26          0         63        236
         957000.0000         87        149         26          0         63        236
         958000.0000         87        149         26          0         63        236
         959000.0000         87        149         26          0         63        236
         960000.0000         87        149         26          0         63        236
         961000.0000         87        149         26          0         63        236
         962000.0000         87        149         26          0         63        236
         963000.0000         86        149         26          0         64        235
         964000.0000         86        149         26          0         64        235
         965000.0000         86        149         26          0         64        235
         966000.0000         86        149         26          0         64        235
         967000.0000         86        149         26          0         64        235
         968000.0000         86        149         26          0         64        235
         969000.0000         86        149         26          0         64        235
         970000.0000         86        149         26          0         64        235
         971000.0000         86        149         26          0         64        235
         972000.0000         86        149         26          0         64        235
         973000.0000         86        149         26          0         64        235
         974000.0000         86        149         26          0         64        235
         975000.0000         86        149         26          0         64        235
         976000.0000         86        149         26          0         64        235
         977000.0000         86        149         26          0         64        235
         978000.0000         86        149         26          0         64        235
         979000.0000         85        149         26          0         65        234
         980000.0000         85        149         26          0         65        234
         981000.0000         85        149         26          0         65        234
         982000.0000         85        149         26          0         65        234
         983000.0000         85        149         26          0         65        234
         984000.0000         84        149         26          0         66        233
         985000.0000         84        149         26          0         66        233
         986000.0000         84        149         26          0         66        233
         987000.0000         84        149         26          0         66        233
         988000.0000         84        149         26          0         66        233
         989000.0000         84        149         26          0         66        233
         990000.0000         84        149         26          0         66        233
         991000.0000         84        149         26          0         66        233
         992000.0000         84        149         26          0         66        233
         993000.0000         84        149         26          0         66        233
         994000.0000         84        149         26          0         66        233
         995000.0000         84        149         26          0         66        233
         996000.0000         84        149         26          0         66        233
         997000.0000         84        149         26          0         66        233
         998000.0000         84        149         26          0         66        233
         999000.0000         84        149         26          0         66        233
