                Time  Interstls  Vacancies   Recmbtns   VcncySfc   IntlnSfc  defects
              0.0000        172        175          4          0          0        347
            100.0000        169        172          7          0          0        341
            200.0000        168        171          8          0          0        339
            300.0000        168        171          8          0          0        339
            400.0000        166        169         10          0          0        335
            500.0000        165        168         11          0          0        333
            600.0000        165        168         11          0          0        333
            700.0000        165        168         11          0          0        333
            800.0000        164        167         12          0          0        331
            900.0000        164        167         12          0          0        331
           1000.0000        163        166         13          0          0        329
           2000.0000        155        158         21          0          0        313
           3000.0000        151        154         25          0          0        305
           4000.0000        146        149         30          0          0        295
           5000.0000        141        145         34          0          1        286
           6000.0000        135        139         40          0          1        274
           7000.0000        134        138         41          0          1        272
           8000.0000        127        131         48          0          1        258
           9000.0000        123        127         52          0          1        250
          10000.0000        122        126         53          0          1        248
          11000.0000        120        124         55          0          1        244
          12000.0000        118        122         57          0          1        240
          13000.0000        118        122         57          0          1        240
          14000.0000        116        120         59          0          1        236
          15000.0000        114        118         61          0          1        232
          16000.0000        113        117         62          0          1        230
          17000.0000        111        115         64          0          1        226
          18000.0000        109        113         66          0          1        222
          19000.0000        107        111         68          0          1        218
          20000.0000        106        110         69          0          1        216
          21000.0000        104        108         71          0          1        212
          22000.0000        104        108         71          0          1        212
          23000.0000        103        107         72          0          1        210
          24000.0000        102        106         73          0          1        208
          25000.0000        102        106         73          0          1        208
          26000.0000        102        106         73          0          1        208
          27000.0000        102        106         73          0          1        208
          28000.0000        102        106         73          0          1        208
          29000.0000        102        106         73          0          1        208
          30000.0000        102        106         73          0          1        208
          31000.0000        101        105         74          0          1        206
          32000.0000        101        105         74          0          1        206
          33000.0000        100        104         75          0          1        204
          34000.0000        100        104         75          0          1        204
          35000.0000        100        104         75          0          1        204
          36000.0000        100        104         75          0          1        204
          37000.0000        100        104         75          0          1        204
          38000.0000        100        104         75          0          1        204
          39000.0000         99        103         76          0          1        202
          40000.0000         99        103         76          0          1        202
          41000.0000         97        101         78          0          1        198
          42000.0000         96        100         79          0          1        196
          43000.0000         96        100         79          0          1        196
          44000.0000         96        100         79          0          1        196
          45000.0000         95         99         80          0          1        194
          46000.0000         93         97         82          0          1        190
          47000.0000         92         96         83          0          1        188
          48000.0000         90         94         85          0          1        184
          49000.0000         90         94         85          0          1        184
          50000.0000         89         93         86          0          1        182
          51000.0000         89         93         86          0          1        182
          52000.0000         89         93         86          0          1        182
          53000.0000         89         93         86          0          1        182
          54000.0000         88         92         87          0          1        180
          55000.0000         87         92         87          0          2        179
          56000.0000         86         91         88          0          2        177
          57000.0000         86         91         88          0          2        177
          58000.0000         86         91         88          0          2        177
          59000.0000         86         91         88          0          2        177
          60000.0000         86         91         88          0          2        177
          61000.0000         86         91         88          0          2        177
          62000.0000         86         91         88          0          2        177
          63000.0000         86         91         88          0          2        177
          64000.0000         86         91         88          0          2        177
          65000.0000         86         91         88          0          2        177
          66000.0000         86         91         88          0          2        177
          67000.0000         86         91         88          0          2        177
          68000.0000         86         91         88          0          2        177
          69000.0000         86         91         88          0          2        177
          70000.0000         86         91         88          0          2        177
          71000.0000         86         91         88          0          2        177
          72000.0000         86         91         88          0          2        177
          73000.0000         85         91         88          0          3        176
          74000.0000         85         91         88          0          3        176
          75000.0000         85         91         88          0          3        176
          76000.0000         84         90         89          0          3        174
          77000.0000         83         89         90          0          3        172
          78000.0000         83         89         90          0          3        172
          79000.0000         83         89         90          0          3        172
          80000.0000         83         89         90          0          3        172
          81000.0000         83         89         90          0          3        172
          82000.0000         83         89         90          0          3        172
          83000.0000         83         89         90          0          3        172
          84000.0000         82         88         91          0          3        170
          85000.0000         82         88         91          0          3        170
          86000.0000         82         88         91          0          3        170
          87000.0000         82         88         91          0          3        170
          88000.0000         82         88         91          0          3        170
          89000.0000         82         88         91          0          3        170
          90000.0000         82         88         91          0          3        170
          91000.0000         82         88         91          0          3        170
          92000.0000         81         87         92          0          3        168
          93000.0000         81         87         92          0          3        168
          94000.0000         81         87         92          0          3        168
          95000.0000         81         87         92          0          3        168
          96000.0000         81         87         92          0          3        168
          97000.0000         80         86         93          0          3        166
          98000.0000         80         86         93          0          3        166
          99000.0000         80         86         93          0          3        166
         100000.0000         80         86         93          0          3        166
         101000.0000         80         86         93          0          3        166
         102000.0000         80         86         93          0          3        166
         103000.0000         80         86         93          0          3        166
         104000.0000         80         86         93          0          3        166
         105000.0000         79         86         93          0          4        165
         106000.0000         78         85         94          0          4        163
         107000.0000         78         85         94          0          4        163
         108000.0000         78         85         94          0          4        163
         109000.0000         77         84         95          0          4        161
         110000.0000         77         84         95          0          4        161
         111000.0000         77         84         95          0          4        161
         112000.0000         77         84         95          0          4        161
         113000.0000         77         84         95          0          4        161
         114000.0000         77         84         95          0          4        161
         115000.0000         77         84         95          0          4        161
         116000.0000         76         83         96          0          4        159
         117000.0000         76         83         96          0          4        159
         118000.0000         76         83         96          0          4        159
         119000.0000         76         83         96          0          4        159
         120000.0000         76         83         96          0          4        159
         121000.0000         76         83         96          0          4        159
         122000.0000         76         83         96          0          4        159
         123000.0000         76         83         96          0          4        159
         124000.0000         76         83         96          0          4        159
         125000.0000         76         83         96          0          4        159
         126000.0000         76         83         96          0          4        159
         127000.0000         76         83         96          0          4        159
         128000.0000         75         83         96          0          5        158
         129000.0000         75         83         96          0          5        158
         130000.0000         75         83         96          0          5        158
         131000.0000         75         83         96          0          5        158
         132000.0000         75         83         96          0          5        158
         133000.0000         75         83         96          0          5        158
         134000.0000         75         83         96          0          5        158
         135000.0000         75         83         96          0          5        158
         136000.0000         75         83         96          0          5        158
         137000.0000         75         83         96          0          5        158
         138000.0000         73         82         97          0          6        155
         139000.0000         73         82         97          0          6        155
         140000.0000         72         82         97          0          7        154
         141000.0000         72         82         97          0          7        154
         142000.0000         72         82         97          0          7        154
         143000.0000         72         82         97          0          7        154
         144000.0000         72         82         97          0          7        154
         145000.0000         72         82         97          0          7        154
         146000.0000         72         82         97          0          7        154
         147000.0000         71         81         98          0          7        152
         148000.0000         71         81         98          0          7        152
         149000.0000         71         81         98          0          7        152
         150000.0000         71         81         98          0          7        152
         151000.0000         71         81         98          0          7        152
         152000.0000         71         81         98          0          7        152
         153000.0000         71         81         98          0          7        152
         154000.0000         71         81         98          0          7        152
         155000.0000         71         81         98          0          7        152
         156000.0000         71         81         98          0          7        152
         157000.0000         71         81         98          0          7        152
         158000.0000         71         81         98          0          7        152
         159000.0000         71         81         98          0          7        152
         160000.0000         71         81         98          0          7        152
         161000.0000         71         81         98          0          7        152
         162000.0000         71         81         98          0          7        152
         163000.0000         71         81         98          0          7        152
         164000.0000         71         81         98          0          7        152
         165000.0000         71         81         98          0          7        152
         166000.0000         71         81         98          0          7        152
         167000.0000         71         81         98          0          7        152
         168000.0000         70         81         98          0          8        151
         169000.0000         70         81         98          0          8        151
         170000.0000         70         81         98          0          8        151
         171000.0000         70         81         98          0          8        151
         172000.0000         70         81         98          0          8        151
         173000.0000         70         81         98          0          8        151
         174000.0000         69         80         99          0          8        149
         175000.0000         68         79        100          0          8        147
         176000.0000         68         79        100          0          8        147
         177000.0000         68         79        100          0          8        147
         178000.0000         68         79        100          0          8        147
         179000.0000         68         79        100          0          8        147
         180000.0000         68         79        100          0          8        147
         181000.0000         68         79        100          0          8        147
         182000.0000         68         79        100          0          8        147
         183000.0000         68         79        100          0          8        147
         184000.0000         68         79        100          0          8        147
         185000.0000         68         79        100          0          8        147
         186000.0000         68         79        100          0          8        147
         187000.0000         68         79        100          0          8        147
         188000.0000         68         79        100          0          8        147
         189000.0000         68         79        100          0          8        147
         190000.0000         68         79        100          0          8        147
         191000.0000         68         79        100          0          8        147
         192000.0000         68         79        100          0          8        147
         193000.0000         68         79        100          0          8        147
         194000.0000         68         79        100          0          8        147
         195000.0000         68         79        100          0          8        147
         196000.0000         68         79        100          0          8        147
         197000.0000         68         79        100          0          8        147
         198000.0000         68         79        100          0          8        147
         199000.0000         68         79        100          0          8        147
         200000.0000         68         79        100          0          8        147
         201000.0000         68         79        100          0          8        147
         202000.0000         68         79        100          0          8        147
         203000.0000         67         78        101          0          8        145
         204000.0000         67         78        101          0          8        145
         205000.0000         67         78        101          0          8        145
         206000.0000         66         78        101          0          9        144
         207000.0000         65         78        101          0         10        143
         208000.0000         65         78        101          0         10        143
         209000.0000         65         78        101          0         10        143
         210000.0000         65         78        101          0         10        143
         211000.0000         65         78        101          0         10        143
         212000.0000         65         78        101          0         10        143
         213000.0000         65         78        101          0         10        143
         214000.0000         65         78        101          0         10        143
         215000.0000         65         78        101          0         10        143
         216000.0000         65         78        101          0         10        143
         217000.0000         65         78        101          0         10        143
         218000.0000         65         78        101          0         10        143
         219000.0000         65         78        101          0         10        143
         220000.0000         65         78        101          0         10        143
         221000.0000         64         78        101          0         11        142
         222000.0000         64         78        101          0         11        142
         223000.0000         64         78        101          0         11        142
         224000.0000         64         78        101          0         11        142
         225000.0000         64         78        101          0         11        142
         226000.0000         64         78        101          0         11        142
         227000.0000         64         78        101          0         11        142
         228000.0000         64         78        101          0         11        142
         229000.0000         64         78        101          0         11        142
         230000.0000         64         78        101          0         11        142
         231000.0000         64         78        101          0         11        142
         232000.0000         64         78        101          0         11        142
         233000.0000         64         78        101          0         11        142
         234000.0000         64         78        101          0         11        142
         235000.0000         64         78        101          0         11        142
         236000.0000         64         78        101          0         11        142
         237000.0000         64         78        101          0         11        142
         238000.0000         64         78        101          0         11        142
         239000.0000         64         78        101          0         11        142
         240000.0000         64         78        101          0         11        142
         241000.0000         64         78        101          0         11        142
         242000.0000         64         78        101          0         11        142
         243000.0000         64         78        101          0         11        142
         244000.0000         64         78        101          0         11        142
         245000.0000         64         78        101          0         11        142
         246000.0000         64         78        101          0         11        142
         247000.0000         64         78        101          0         11        142
         248000.0000         63         78        101          0         12        141
         249000.0000         63         78        101          0         12        141
         250000.0000         63         78        101          0         12        141
         251000.0000         63         78        101          0         12        141
         252000.0000         63         78        101          0         12        141
         253000.0000         63         78        101          0         12        141
         254000.0000         63         78        101          0         12        141
         255000.0000         63         78        101          0         12        141
         256000.0000         63         78        101          0         12        141
         257000.0000         63         78        101          0         12        141
         258000.0000         63         78        101          0         12        141
         259000.0000         63         78        101          0         12        141
         260000.0000         63         78        101          0         12        141
         261000.0000         63         78        101          0         12        141
         262000.0000         63         78        101          0         12        141
         263000.0000         63         78        101          0         12        141
         264000.0000         63         78        101          0         12        141
         265000.0000         63         78        101          0         12        141
         266000.0000         63         78        101          0         12        141
         267000.0000         63         78        101          0         12        141
         268000.0000         63         78        101          0         12        141
         269000.0000         63         78        101          0         12        141
         270000.0000         63         78        101          0         12        141
         271000.0000         63         78        101          0         12        141
         272000.0000         63         78        101          0         12        141
         273000.0000         63         78        101          0         12        141
         274000.0000         63         78        101          0         12        141
         275000.0000         63         78        101          0         12        141
         276000.0000         63         78        101          0         12        141
         277000.0000         63         78        101          0         12        141
         278000.0000         63         78        101          0         12        141
         279000.0000         63         78        101          0         12        141
         280000.0000         63         78        101          0         12        141
         281000.0000         63         78        101          0         12        141
         282000.0000         63         78        101          0         12        141
         283000.0000         63         78        101          0         12        141
         284000.0000         63         78        101          0         12        141
         285000.0000         62         78        101          0         13        140
         286000.0000         62         78        101          0         13        140
         287000.0000         62         78        101          0         13        140
         288000.0000         62         78        101          0         13        140
         289000.0000         62         78        101          0         13        140
         290000.0000         62         78        101          0         13        140
         291000.0000         62         78        101          0         13        140
         292000.0000         62         78        101          0         13        140
         293000.0000         62         78        101          0         13        140
         294000.0000         62         78        101          0         13        140
         295000.0000         62         78        101          0         13        140
         296000.0000         62         78        101          0         13        140
         297000.0000         62         78        101          0         13        140
         298000.0000         62         78        101          0         13        140
         299000.0000         62         78        101          0         13        140
         300000.0000         62         78        101          0         13        140
         301000.0000         62         78        101          0         13        140
         302000.0000         62         78        101          0         13        140
         303000.0000         62         78        101          0         13        140
         304000.0000         62         78        101          0         13        140
         305000.0000         62         78        101          0         13        140
         306000.0000         62         78        101          0         13        140
         307000.0000         62         78        101          0         13        140
         308000.0000         62         78        101          0         13        140
         309000.0000         61         78        101          0         14        139
         310000.0000         61         78        101          0         14        139
         311000.0000         61         78        101          0         14        139
         312000.0000         61         78        101          0         14        139
         313000.0000         61         78        101          0         14        139
         314000.0000         61         78        101          0         14        139
         315000.0000         61         78        101          0         14        139
         316000.0000         61         78        101          0         14        139
         317000.0000         61         78        101          0         14        139
         318000.0000         61         78        101          0         14        139
         319000.0000         60         78        101          0         15        138
         320000.0000         60         78        101          0         15        138
         321000.0000         60         78        101          0         15        138
         322000.0000         60         78        101          0         15        138
         323000.0000         60         78        101          0         15        138
         324000.0000         60         78        101          0         15        138
         325000.0000         59         78        101          0         16        137
         326000.0000         58         78        101          0         17        136
         327000.0000         58         78        101          0         17        136
         328000.0000         58         78        101          0         17        136
         329000.0000         58         78        101          0         17        136
         330000.0000         58         78        101          0         17        136
         331000.0000         58         78        101          0         17        136
         332000.0000         58         78        101          0         17        136
         333000.0000         58         78        101          0         17        136
         334000.0000         58         78        101          0         17        136
         335000.0000         58         78        101          0         17        136
         336000.0000         58         78        101          0         17        136
         337000.0000         58         78        101          0         17        136
         338000.0000         58         78        101          0         17        136
         339000.0000         58         78        101          0         17        136
         340000.0000         58         78        101          0         17        136
         341000.0000         58         78        101          0         17        136
         342000.0000         58         78        101          0         17        136
         343000.0000         58         78        101          0         17        136
         344000.0000         57         77        102          0         17        134
         345000.0000         57         77        102          0         17        134
         346000.0000         57         77        102          0         17        134
         347000.0000         57         77        102          0         17        134
         348000.0000         57         77        102          0         17        134
         349000.0000         57         77        102          0         17        134
         350000.0000         57         77        102          0         17        134
         351000.0000         57         77        102          0         17        134
         352000.0000         57         77        102          0         17        134
         353000.0000         57         77        102          0         17        134
         354000.0000         57         77        102          0         17        134
         355000.0000         57         77        102          0         17        134
         356000.0000         57         77        102          0         17        134
         357000.0000         57         77        102          0         17        134
         358000.0000         57         77        102          0         17        134
         359000.0000         57         77        102          0         17        134
         360000.0000         57         77        102          0         17        134
         361000.0000         56         77        102          0         18        133
         362000.0000         56         77        102          0         18        133
         363000.0000         56         77        102          0         18        133
         364000.0000         56         77        102          0         18        133
         365000.0000         56         77        102          0         18        133
         366000.0000         56         77        102          0         18        133
         367000.0000         56         77        102          0         18        133
         368000.0000         56         77        102          0         18        133
         369000.0000         56         77        102          0         18        133
         370000.0000         56         77        102          0         18        133
         371000.0000         56         77        102          0         18        133
         372000.0000         56         77        102          0         18        133
         373000.0000         56         77        102          0         18        133
         374000.0000         56         77        102          0         18        133
         375000.0000         56         77        102          0         18        133
         376000.0000         56         77        102          0         18        133
         377000.0000         56         77        102          0         18        133
         378000.0000         56         77        102          0         18        133
         379000.0000         56         77        102          0         18        133
         380000.0000         56         77        102          0         18        133
         381000.0000         55         77        102          0         19        132
         382000.0000         55         77        102          0         19        132
         383000.0000         55         77        102          0         19        132
         384000.0000         55         77        102          0         19        132
         385000.0000         55         77        102          0         19        132
         386000.0000         55         77        102          0         19        132
         387000.0000         55         77        102          0         19        132
         388000.0000         55         77        102          0         19        132
         389000.0000         55         77        102          0         19        132
         390000.0000         55         77        102          0         19        132
         391000.0000         54         77        102          0         20        131
         392000.0000         54         77        102          0         20        131
         393000.0000         54         77        102          0         20        131
         394000.0000         54         77        102          0         20        131
         395000.0000         54         77        102          0         20        131
         396000.0000         54         77        102          0         20        131
         397000.0000         54         77        102          0         20        131
         398000.0000         54         77        102          0         20        131
         399000.0000         54         77        102          0         20        131
         400000.0000         54         77        102          0         20        131
         401000.0000         54         77        102          0         20        131
         402000.0000         54         77        102          0         20        131
         403000.0000         54         77        102          0         20        131
         404000.0000         54         77        102          0         20        131
         405000.0000         54         77        102          0         20        131
         406000.0000         54         77        102          0         20        131
         407000.0000         54         77        102          0         20        131
         408000.0000         54         77        102          0         20        131
         409000.0000         54         77        102          0         20        131
         410000.0000         54         77        102          0         20        131
         411000.0000         54         77        102          0         20        131
         412000.0000         54         77        102          0         20        131
         413000.0000         54         77        102          0         20        131
         414000.0000         54         77        102          0         20        131
         415000.0000         54         77        102          0         20        131
         416000.0000         54         77        102          0         20        131
         417000.0000         54         77        102          0         20        131
         418000.0000         54         77        102          0         20        131
         419000.0000         54         77        102          0         20        131
         420000.0000         54         77        102          0         20        131
         421000.0000         54         77        102          0         20        131
         422000.0000         54         77        102          0         20        131
         423000.0000         53         77        102          0         21        130
         424000.0000         52         76        103          0         21        128
         425000.0000         52         76        103          0         21        128
         426000.0000         52         76        103          0         21        128
         427000.0000         52         76        103          0         21        128
         428000.0000         52         76        103          0         21        128
         429000.0000         52         76        103          0         21        128
         430000.0000         52         76        103          0         21        128
         431000.0000         52         76        103          0         21        128
         432000.0000         52         76        103          0         21        128
         433000.0000         52         76        103          0         21        128
         434000.0000         52         76        103          0         21        128
         435000.0000         52         76        103          0         21        128
         436000.0000         52         76        103          0         21        128
         437000.0000         52         76        103          0         21        128
         438000.0000         52         76        103          0         21        128
         439000.0000         52         76        103          0         21        128
         440000.0000         52         76        103          0         21        128
         441000.0000         52         76        103          0         21        128
         442000.0000         52         76        103          0         21        128
         443000.0000         52         76        103          0         21        128
         444000.0000         52         76        103          0         21        128
         445000.0000         52         76        103          0         21        128
         446000.0000         51         76        103          0         22        127
         447000.0000         51         76        103          0         22        127
         448000.0000         51         76        103          0         22        127
         449000.0000         51         76        103          0         22        127
         450000.0000         51         76        103          0         22        127
         451000.0000         51         76        103          0         22        127
         452000.0000         51         76        103          0         22        127
         453000.0000         51         76        103          0         22        127
         454000.0000         50         75        104          0         22        125
         455000.0000         50         75        104          0         22        125
         456000.0000         50         75        104          0         22        125
         457000.0000         50         75        104          0         22        125
         458000.0000         50         75        104          0         22        125
         459000.0000         48         74        105          0         23        122
         460000.0000         47         73        106          0         23        120
         461000.0000         47         73        106          0         23        120
         462000.0000         47         73        106          0         23        120
         463000.0000         47         73        106          0         23        120
         464000.0000         47         73        106          0         23        120
         465000.0000         47         73        106          0         23        120
         466000.0000         47         73        106          0         23        120
         467000.0000         46         72        107          0         23        118
         468000.0000         46         72        107          0         23        118
         469000.0000         46         72        107          0         23        118
         470000.0000         46         72        107          0         23        118
         471000.0000         46         72        107          0         23        118
         472000.0000         46         72        107          0         23        118
         473000.0000         46         72        107          0         23        118
         474000.0000         46         72        107          0         23        118
         475000.0000         46         72        107          0         23        118
         476000.0000         46         72        107          0         23        118
         477000.0000         46         72        107          0         23        118
         478000.0000         46         72        107          0         23        118
         479000.0000         46         72        107          0         23        118
         480000.0000         46         72        107          0         23        118
         481000.0000         46         72        107          0         23        118
         482000.0000         46         72        107          0         23        118
         483000.0000         46         72        107          0         23        118
         484000.0000         46         72        107          0         23        118
         485000.0000         46         72        107          0         23        118
         486000.0000         46         72        107          0         23        118
         487000.0000         46         72        107          0         23        118
         488000.0000         46         72        107          0         23        118
         489000.0000         46         72        107          0         23        118
         490000.0000         46         72        107          0         23        118
         491000.0000         45         71        108          0         23        116
         492000.0000         45         71        108          0         23        116
         493000.0000         45         71        108          0         23        116
         494000.0000         45         71        108          0         23        116
         495000.0000         45         71        108          0         23        116
         496000.0000         44         70        109          0         23        114
         497000.0000         43         70        109          0         24        113
         498000.0000         43         70        109          0         24        113
         499000.0000         43         70        109          0         24        113
         500000.0000         43         70        109          0         24        113
         501000.0000         43         70        109          0         24        113
         502000.0000         43         70        109          0         24        113
         503000.0000         43         70        109          0         24        113
         504000.0000         42         69        110          0         24        111
         505000.0000         42         69        110          0         24        111
         506000.0000         42         69        110          0         24        111
         507000.0000         42         69        110          0         24        111
         508000.0000         42         69        110          0         24        111
         509000.0000         42         69        110          0         24        111
         510000.0000         42         69        110          0         24        111
         511000.0000         42         69        110          0         24        111
         512000.0000         42         69        110          0         24        111
         513000.0000         42         69        110          0         24        111
         514000.0000         42         69        110          0         24        111
         515000.0000         42         69        110          0         24        111
         516000.0000         42         69        110          0         24        111
         517000.0000         42         69        110          0         24        111
         518000.0000         41         68        111          0         24        109
         519000.0000         41         68        111          0         24        109
         520000.0000         41         68        111          0         24        109
         521000.0000         41         68        111          0         24        109
         522000.0000         41         68        111          0         24        109
         523000.0000         41         68        111          0         24        109
         524000.0000         41         68        111          0         24        109
         525000.0000         41         68        111          0         24        109
         526000.0000         40         67        112          0         24        107
         527000.0000         40         67        112          0         24        107
         528000.0000         40         67        112          0         24        107
         529000.0000         40         67        112          0         24        107
         530000.0000         40         67        112          0         24        107
         531000.0000         40         67        112          0         24        107
         532000.0000         40         67        112          0         24        107
         533000.0000         40         67        112          0         24        107
         534000.0000         40         67        112          0         24        107
         535000.0000         40         67        112          0         24        107
         536000.0000         40         67        112          0         24        107
         537000.0000         40         67        112          0         24        107
         538000.0000         40         67        112          0         24        107
         539000.0000         40         67        112          0         24        107
         540000.0000         40         67        112          0         24        107
         541000.0000         40         67        112          0         24        107
         542000.0000         40         67        112          0         24        107
         543000.0000         40         67        112          0         24        107
         544000.0000         40         67        112          0         24        107
         545000.0000         40         67        112          0         24        107
         546000.0000         40         67        112          0         24        107
         547000.0000         40         67        112          0         24        107
         548000.0000         40         67        112          0         24        107
         549000.0000         40         67        112          0         24        107
         550000.0000         39         66        113          0         24        105
         551000.0000         39         66        113          0         24        105
         552000.0000         39         66        113          0         24        105
         553000.0000         39         66        113          0         24        105
         554000.0000         39         66        113          0         24        105
         555000.0000         39         66        113          0         24        105
         556000.0000         39         66        113          0         24        105
         557000.0000         39         66        113          0         24        105
         558000.0000         39         66        113          0         24        105
         559000.0000         39         66        113          0         24        105
         560000.0000         39         66        113          0         24        105
         561000.0000         39         66        113          0         24        105
         562000.0000         39         66        113          0         24        105
         563000.0000         39         66        113          0         24        105
         564000.0000         39         66        113          0         24        105
         565000.0000         39         66        113          0         24        105
         566000.0000         39         66        113          0         24        105
         567000.0000         39         66        113          0         24        105
         568000.0000         39         66        113          0         24        105
         569000.0000         39         66        113          0         24        105
         570000.0000         39         66        113          0         24        105
         571000.0000         38         65        114          0         24        103
         572000.0000         38         65        114          0         24        103
         573000.0000         38         65        114          0         24        103
         574000.0000         38         65        114          0         24        103
         575000.0000         38         65        114          0         24        103
         576000.0000         38         65        114          0         24        103
         577000.0000         38         65        114          0         24        103
         578000.0000         38         65        114          0         24        103
         579000.0000         38         65        114          0         24        103
         580000.0000         38         65        114          0         24        103
         581000.0000         38         65        114          0         24        103
         582000.0000         38         65        114          0         24        103
         583000.0000         37         64        115          0         24        101
         584000.0000         37         64        115          0         24        101
         585000.0000         37         64        115          0         24        101
         586000.0000         37         64        115          0         24        101
         587000.0000         37         64        115          0         24        101
         588000.0000         37         64        115          0         24        101
         589000.0000         37         64        115          0         24        101
         590000.0000         37         64        115          0         24        101
         591000.0000         37         64        115          0         24        101
         592000.0000         37         64        115          0         24        101
         593000.0000         37         64        115          0         24        101
         594000.0000         37         64        115          0         24        101
         595000.0000         36         63        116          0         24         99
         596000.0000         36         63        116          0         24         99
         597000.0000         36         63        116          0         24         99
         598000.0000         36         63        116          0         24         99
         599000.0000         36         63        116          0         24         99
         600000.0000         36         63        116          0         24         99
         601000.0000         36         63        116          0         24         99
         602000.0000         36         63        116          0         24         99
         603000.0000         36         63        116          0         24         99
         604000.0000         36         63        116          0         24         99
         605000.0000         36         63        116          0         24         99
         606000.0000         36         63        116          0         24         99
         607000.0000         36         63        116          0         24         99
         608000.0000         36         63        116          0         24         99
         609000.0000         36         63        116          0         24         99
         610000.0000         36         63        116          0         24         99
         611000.0000         36         63        116          0         24         99
         612000.0000         35         63        116          0         25         98
         613000.0000         35         63        116          0         25         98
         614000.0000         35         63        116          0         25         98
         615000.0000         35         63        116          0         25         98
         616000.0000         35         63        116          0         25         98
         617000.0000         35         63        116          0         25         98
         618000.0000         35         63        116          0         25         98
         619000.0000         35         63        116          0         25         98
         620000.0000         34         63        116          0         26         97
         621000.0000         33         63        116          0         27         96
         622000.0000         33         63        116          0         27         96
         623000.0000         33         63        116          0         27         96
         624000.0000         33         63        116          0         27         96
         625000.0000         33         63        116          0         27         96
         626000.0000         33         63        116          0         27         96
         627000.0000         33         63        116          0         27         96
         628000.0000         33         63        116          0         27         96
         629000.0000         33         63        116          0         27         96
         630000.0000         33         63        116          0         27         96
         631000.0000         33         63        116          0         27         96
         632000.0000         33         63        116          0         27         96
         633000.0000         33         63        116          0         27         96
         634000.0000         32         63        116          0         28         95
         635000.0000         32         63        116          0         28         95
         636000.0000         32         63        116          0         28         95
         637000.0000         32         63        116          0         28         95
         638000.0000         32         63        116          0         28         95
         639000.0000         32         63        116          0         28         95
         640000.0000         32         63        116          0         28         95
         641000.0000         32         63        116          0         28         95
         642000.0000         32         63        116          0         28         95
         643000.0000         32         63        116          0         28         95
         644000.0000         32         63        116          0         28         95
         645000.0000         32         63        116          0         28         95
         646000.0000         32         63        116          0         28         95
         647000.0000         32         63        116          0         28         95
         648000.0000         32         63        116          0         28         95
         649000.0000         32         63        116          0         28         95
         650000.0000         32         63        116          0         28         95
         651000.0000         32         63        116          0         28         95
         652000.0000         31         63        116          0         29         94
         653000.0000         31         63        116          0         29         94
         654000.0000         31         63        116          0         29         94
         655000.0000         31         63        116          0         29         94
         656000.0000         31         63        116          0         29         94
         657000.0000         31         63        116          0         29         94
         658000.0000         31         63        116          0         29         94
         659000.0000         31         63        116          0         29         94
         660000.0000         31         63        116          0         29         94
         661000.0000         31         63        116          0         29         94
         662000.0000         31         63        116          0         29         94
         663000.0000         31         63        116          0         29         94
         664000.0000         31         63        116          0         29         94
         665000.0000         31         63        116          0         29         94
         666000.0000         31         63        116          0         29         94
         667000.0000         31         63        116          0         29         94
         668000.0000         31         63        116          0         29         94
         669000.0000         31         63        116          0         29         94
         670000.0000         31         63        116          0         29         94
         671000.0000         31         63        116          0         29         94
         672000.0000         31         63        116          0         29         94
         673000.0000         31         63        116          0         29         94
         674000.0000         30         63        116          0         30         93
         675000.0000         30         63        116          0         30         93
         676000.0000         30         63        116          0         30         93
         677000.0000         30         63        116          0         30         93
         678000.0000         30         63        116          0         30         93
         679000.0000         30         63        116          0         30         93
         680000.0000         30         63        116          0         30         93
         681000.0000         30         63        116          0         30         93
         682000.0000         30         63        116          0         30         93
         683000.0000         30         63        116          0         30         93
         684000.0000         30         63        116          0         30         93
         685000.0000         30         63        116          0         30         93
         686000.0000         30         63        116          0         30         93
         687000.0000         30         63        116          0         30         93
         688000.0000         30         63        116          0         30         93
         689000.0000         30         63        116          0         30         93
         690000.0000         30         63        116          0         30         93
         691000.0000         30         63        116          0         30         93
         692000.0000         30         63        116          0         30         93
         693000.0000         30         63        116          0         30         93
         694000.0000         30         63        116          0         30         93
         695000.0000         29         63        116          0         31         92
         696000.0000         29         63        116          0         31         92
         697000.0000         29         63        116          0         31         92
         698000.0000         29         63        116          0         31         92
         699000.0000         29         63        116          0         31         92
         700000.0000         29         63        116          0         31         92
         701000.0000         28         63        116          0         32         91
         702000.0000         28         63        116          0         32         91
         703000.0000         28         63        116          0         32         91
         704000.0000         28         63        116          0         32         91
         705000.0000         28         63        116          0         32         91
         706000.0000         28         63        116          0         32         91
         707000.0000         28         63        116          0         32         91
         708000.0000         28         63        116          0         32         91
         709000.0000         28         63        116          0         32         91
         710000.0000         28         63        116          0         32         91
         711000.0000         28         63        116          0         32         91
         712000.0000         28         63        116          0         32         91
         713000.0000         28         63        116          0         32         91
         714000.0000         28         63        116          0         32         91
         715000.0000         28         63        116          0         32         91
         716000.0000         28         63        116          0         32         91
         717000.0000         28         63        116          0         32         91
         718000.0000         28         63        116          0         32         91
         719000.0000         28         63        116          0         32         91
         720000.0000         28         63        116          0         32         91
         721000.0000         28         63        116          0         32         91
         722000.0000         28         63        116          0         32         91
         723000.0000         28         63        116          0         32         91
         724000.0000         28         63        116          0         32         91
         725000.0000         28         63        116          0         32         91
         726000.0000         28         63        116          0         32         91
         727000.0000         28         63        116          0         32         91
         728000.0000         28         63        116          0         32         91
         729000.0000         28         63        116          0         32         91
         730000.0000         28         63        116          0         32         91
         731000.0000         28         63        116          0         32         91
         732000.0000         28         63        116          0         32         91
         733000.0000         28         63        116          0         32         91
         734000.0000         28         63        116          0         32         91
         735000.0000         28         63        116          0         32         91
         736000.0000         28         63        116          0         32         91
         737000.0000         28         63        116          0         32         91
         738000.0000         28         63        116          0         32         91
         739000.0000         28         63        116          0         32         91
         740000.0000         28         63        116          0         32         91
         741000.0000         28         63        116          0         32         91
         742000.0000         28         63        116          0         32         91
         743000.0000         28         63        116          0         32         91
         744000.0000         28         63        116          0         32         91
         745000.0000         28         63        116          0         32         91
         746000.0000         28         63        116          0         32         91
         747000.0000         28         63        116          0         32         91
         748000.0000         28         63        116          0         32         91
         749000.0000         28         63        116          0         32         91
         750000.0000         27         63        116          0         33         90
         751000.0000         27         63        116          0         33         90
         752000.0000         27         63        116          0         33         90
         753000.0000         27         63        116          0         33         90
         754000.0000         27         63        116          0         33         90
         755000.0000         27         63        116          0         33         90
         756000.0000         26         63        116          0         34         89
         757000.0000         26         63        116          0         34         89
         758000.0000         26         63        116          0         34         89
         759000.0000         26         63        116          0         34         89
         760000.0000         26         63        116          0         34         89
         761000.0000         26         63        116          0         34         89
         762000.0000         26         63        116          0         34         89
         763000.0000         26         63        116          0         34         89
         764000.0000         26         63        116          0         34         89
         765000.0000         26         63        116          0         34         89
         766000.0000         26         63        116          0         34         89
         767000.0000         26         63        116          0         34         89
         768000.0000         26         63        116          0         34         89
         769000.0000         26         63        116          0         34         89
         770000.0000         26         63        116          0         34         89
         771000.0000         26         63        116          0         34         89
         772000.0000         26         63        116          0         34         89
         773000.0000         26         63        116          0         34         89
         774000.0000         26         63        116          0         34         89
         775000.0000         26         63        116          0         34         89
         776000.0000         26         63        116          0         34         89
         777000.0000         26         63        116          0         34         89
         778000.0000         26         63        116          0         34         89
         779000.0000         26         63        116          0         34         89
         780000.0000         26         63        116          0         34         89
         781000.0000         26         63        116          0         34         89
         782000.0000         26         63        116          0         34         89
         783000.0000         26         63        116          0         34         89
         784000.0000         26         63        116          0         34         89
         785000.0000         26         63        116          0         34         89
         786000.0000         26         63        116          0         34         89
         787000.0000         26         63        116          0         34         89
         788000.0000         26         63        116          0         34         89
         789000.0000         26         63        116          0         34         89
         790000.0000         26         63        116          0         34         89
         791000.0000         26         63        116          0         34         89
         792000.0000         26         63        116          0         34         89
         793000.0000         26         63        116          0         34         89
         794000.0000         24         62        117          0         35         86
         795000.0000         23         61        118          0         35         84
         796000.0000         23         61        118          0         35         84
         797000.0000         23         61        118          0         35         84
         798000.0000         23         61        118          0         35         84
         799000.0000         23         61        118          0         35         84
         800000.0000         23         61        118          0         35         84
         801000.0000         23         61        118          0         35         84
         802000.0000         23         61        118          0         35         84
         803000.0000         22         60        119          0         35         82
         804000.0000         22         60        119          0         35         82
         805000.0000         22         60        119          0         35         82
         806000.0000         22         60        119          0         35         82
         807000.0000         22         60        119          0         35         82
         808000.0000         22         60        119          0         35         82
         809000.0000         22         60        119          0         35         82
         810000.0000         22         60        119          0         35         82
         811000.0000         22         60        119          0         35         82
         812000.0000         22         60        119          0         35         82
         813000.0000         22         60        119          0         35         82
         814000.0000         22         60        119          0         35         82
         815000.0000         22         60        119          0         35         82
         816000.0000         22         60        119          0         35         82
         817000.0000         22         60        119          0         35         82
         818000.0000         22         60        119          0         35         82
         819000.0000         22         60        119          0         35         82
         820000.0000         22         60        119          0         35         82
         821000.0000         22         60        119          0         35         82
         822000.0000         22         60        119          0         35         82
         823000.0000         22         60        119          0         35         82
         824000.0000         22         60        119          0         35         82
         825000.0000         22         60        119          0         35         82
         826000.0000         22         60        119          0         35         82
         827000.0000         22         60        119          0         35         82
         828000.0000         22         60        119          0         35         82
         829000.0000         22         60        119          0         35         82
         830000.0000         22         60        119          0         35         82
         831000.0000         22         60        119          0         35         82
         832000.0000         22         60        119          0         35         82
         833000.0000         22         60        119          0         35         82
         834000.0000         22         60        119          0         35         82
         835000.0000         22         60        119          0         35         82
         836000.0000         22         60        119          0         35         82
         837000.0000         22         60        119          0         35         82
         838000.0000         22         60        119          0         35         82
         839000.0000         21         60        119          0         36         81
         840000.0000         21         60        119          0         36         81
         841000.0000         21         60        119          0         36         81
         842000.0000         21         60        119          0         36         81
         843000.0000         21         60        119          0         36         81
         844000.0000         21         60        119          0         36         81
         845000.0000         21         60        119          0         36         81
         846000.0000         21         60        119          0         36         81
         847000.0000         20         59        120          0         36         79
         848000.0000         20         59        120          0         36         79
         849000.0000         20         59        120          0         36         79
         850000.0000         20         59        120          0         36         79
         851000.0000         20         59        120          0         36         79
         852000.0000         20         59        120          0         36         79
         853000.0000         20         59        120          0         36         79
         854000.0000         20         59        120          0         36         79
         855000.0000         20         59        120          0         36         79
         856000.0000         20         59        120          0         36         79
         857000.0000         20         59        120          0         36         79
         858000.0000         20         59        120          0         36         79
         859000.0000         20         59        120          0         36         79
         860000.0000         20         59        120          0         36         79
         861000.0000         20         59        120          0         36         79
         862000.0000         20         59        120          0         36         79
         863000.0000         20         59        120          0         36         79
         864000.0000         20         59        120          0         36         79
         865000.0000         20         59        120          0         36         79
         866000.0000         20         59        120          0         36         79
         867000.0000         20         59        120          0         36         79
         868000.0000         20         59        120          0         36         79
         869000.0000         19         59        120          0         37         78
         870000.0000         19         59        120          0         37         78
         871000.0000         19         59        120          0         37         78
         872000.0000         19         59        120          0         37         78
         873000.0000         19         59        120          0         37         78
         874000.0000         19         59        120          0         37         78
         875000.0000         19         59        120          0         37         78
         876000.0000         19         59        120          0         37         78
         877000.0000         19         59        120          0         37         78
         878000.0000         19         59        120          0         37         78
         879000.0000         19         59        120          0         37         78
         880000.0000         19         59        120          0         37         78
         881000.0000         19         59        120          0         37         78
         882000.0000         19         59        120          0         37         78
         883000.0000         19         59        120          0         37         78
         884000.0000         19         59        120          0         37         78
         885000.0000         19         59        120          0         37         78
         886000.0000         19         59        120          0         37         78
         887000.0000         19         59        120          0         37         78
         888000.0000         19         59        120          0         37         78
         889000.0000         19         59        120          0         37         78
         890000.0000         19         59        120          0         37         78
         891000.0000         19         59        120          0         37         78
         892000.0000         19         59        120          0         37         78
         893000.0000         19         59        120          0         37         78
         894000.0000         19         59        120          0         37         78
         895000.0000         19         59        120          0         37         78
         896000.0000         19         59        120          0         37         78
         897000.0000         19         59        120          0         37         78
         898000.0000         17         59        120          0         39         76
         899000.0000         17         59        120          0         39         76
         900000.0000         17         59        120          0         39         76
         901000.0000         17         59        120          0         39         76
         902000.0000         17         59        120          0         39         76
         903000.0000         17         59        120          0         39         76
         904000.0000         17         59        120          0         39         76
         905000.0000         17         59        120          0         39         76
         906000.0000         17         59        120          0         39         76
         907000.0000         17         59        120          0         39         76
         908000.0000         17         59        120          0         39         76
         909000.0000         16         59        120          0         40         75
         910000.0000         16         59        120          0         40         75
         911000.0000         16         59        120          0         40         75
         912000.0000         16         59        120          0         40         75
         913000.0000         16         59        120          0         40         75
         914000.0000         16         59        120          0         40         75
         915000.0000         16         59        120          0         40         75
         916000.0000         16         59        120          0         40         75
         917000.0000         16         59        120          0         40         75
         918000.0000         16         59        120          0         40         75
         919000.0000         16         59        120          0         40         75
         920000.0000         16         59        120          0         40         75
         921000.0000         16         59        120          0         40         75
         922000.0000         16         59        120          0         40         75
         923000.0000         15         59        120          0         41         74
         924000.0000         15         59        120          0         41         74
         925000.0000         15         59        120          0         41         74
         926000.0000         15         59        120          0         41         74
         927000.0000         15         59        120          0         41         74
         928000.0000         15         59        120          0         41         74
         929000.0000         15         59        120          0         41         74
         930000.0000         15         59        120          0         41         74
         931000.0000         15         59        120          0         41         74
         932000.0000         15         59        120          0         41         74
         933000.0000         15         59        120          0         41         74
         934000.0000         15         59        120          0         41         74
         935000.0000         15         59        120          0         41         74
         936000.0000         15         59        120          0         41         74
         937000.0000         15         59        120          0         41         74
         938000.0000         15         59        120          0         41         74
         939000.0000         15         59        120          0         41         74
         940000.0000         15         59        120          0         41         74
         941000.0000         15         59        120          0         41         74
         942000.0000         15         59        120          0         41         74
         943000.0000         15         59        120          0         41         74
         944000.0000         15         59        120          0         41         74
         945000.0000         15         59        120          0         41         74
         946000.0000         15         59        120          0         41         74
         947000.0000         15         59        120          0         41         74
         948000.0000         14         59        120          0         42         73
         949000.0000         14         59        120          0         42         73
         950000.0000         14         59        120          0         42         73
         951000.0000         14         59        120          0         42         73
         952000.0000         14         59        120          0         42         73
         953000.0000         14         59        120          0         42         73
         954000.0000         14         59        120          0         42         73
         955000.0000         14         59        120          0         42         73
         956000.0000         14         59        120          0         42         73
         957000.0000         14         59        120          0         42         73
         958000.0000         14         59        120          0         42         73
         959000.0000         14         59        120          0         42         73
         960000.0000         14         59        120          0         42         73
         961000.0000         14         59        120          0         42         73
         962000.0000         14         59        120          0         42         73
         963000.0000         14         59        120          0         42         73
         964000.0000         14         59        120          0         42         73
         965000.0000         14         59        120          0         42         73
         966000.0000         14         59        120          0         42         73
         967000.0000         14         59        120          0         42         73
         968000.0000         14         59        120          0         42         73
         969000.0000         14         59        120          0         42         73
         970000.0000         14         59        120          0         42         73
         971000.0000         14         59        120          0         42         73
         972000.0000         14         59        120          0         42         73
         973000.0000         14         59        120          0         42         73
         974000.0000         14         59        120          0         42         73
         975000.0000         12         57        122          0         42         69
         976000.0000         11         57        122          0         43         68
         977000.0000         10         56        123          0         43         66
         978000.0000         10         56        123          0         43         66
         979000.0000         10         56        123          0         43         66
         980000.0000          9         56        123          0         44         65
         981000.0000          9         56        123          0         44         65
         982000.0000          9         56        123          0         44         65
         983000.0000          9         56        123          0         44         65
         984000.0000          9         56        123          0         44         65
         985000.0000          9         56        123          0         44         65
         986000.0000          9         56        123          0         44         65
         987000.0000          9         56        123          0         44         65
         988000.0000          9         56        123          0         44         65
         989000.0000          8         55        124          0         44         63
         990000.0000          8         55        124          0         44         63
         991000.0000          8         55        124          0         44         63
         992000.0000          8         55        124          0         44         63
         993000.0000          8         55        124          0         44         63
         994000.0000          8         55        124          0         44         63
         995000.0000          8         55        124          0         44         63
         996000.0000          8         55        124          0         44         63
         997000.0000          8         55        124          0         44         63
         998000.0000          8         55        124          0         44         63
         999000.0000          8         55        124          0         44         63
