Time	Interstls	Vacancies	Recmbtns	VcncySfc	IntlnSfc	defects
0	175	175	1	0	0	350
100	175	175	1	0	0	350
200	172	172	4	0	0	344
300	171	171	5	0	0	342
400	168	168	8	0	0	336
500	168	168	8	0	0	336
600	168	168	8	0	0	336
700	168	168	8	0	0	336
800	168	168	8	0	0	336
900	166	166	10	0	0	332
1000	166	166	10	0	0	332
2000	161	161	15	0	0	322
3000	158	158	18	0	0	316
4000	158	158	18	0	0	316
5000	158	158	18	0	0	316
6000	158	158	18	0	0	316
7000	158	158	18	0	0	316
8000	158	158	18	0	0	316
9000	158	158	18	0	0	316
10000	158	158	18	0	0	316
11000	158	158	18	0	0	316
12000	158	158	18	0	0	316
13000	157	157	19	0	0	314
14000	156	156	20	0	0	312
15000	156	156	20	0	0	312
16000	156	156	20	0	0	312
17000	156	156	20	0	0	312
18000	156	156	20	0	0	312
19000	156	156	20	0	0	312
20000	154	154	22	0	0	308
21000	150	150	26	0	0	300
22000	149	149	27	0	0	298
23000	144	144	32	0	0	288
24000	144	144	32	0	0	288
25000	140	140	36	0	0	280
26000	140	140	36	0	0	280
27000	138	138	38	0	0	276
28000	138	138	38	0	0	276
29000	134	134	42	0	0	268
30000	132	132	44	0	0	264
31000	132	132	44	0	0	264
32000	132	132	44	0	0	264
33000	131	131	45	0	0	262
34000	129	129	47	0	0	258
35000	127	127	49	0	0	254
36000	125	125	51	0	0	250
37000	123	123	53	0	0	246
38000	123	123	53	0	0	246
39000	122	122	54	0	0	244
40000	119	119	57	0	0	238
41000	119	119	57	0	0	238
42000	119	119	57	0	0	238
43000	119	119	57	0	0	238
44000	115	115	61	0	0	230
45000	113	113	63	0	0	226
46000	113	113	63	0	0	226
47000	113	113	63	0	0	226
48000	113	113	63	0	0	226
49000	112	112	64	0	0	224
50000	112	112	64	0	0	224
51000	112	110	64	2	0	222
52000	109	107	67	2	0	216
53000	109	107	67	2	0	216
54000	109	107	67	2	0	216
55000	108	106	68	2	0	214
56000	108	106	68	2	0	214
57000	108	106	68	2	0	214
58000	107	105	69	2	0	212
59000	106	104	70	2	0	210
60000	106	104	70	2	0	210
61000	105	94	71	11	0	199
62000	105	88	71	17	0	193
63000	105	88	71	17	0	193
64000	104	84	72	20	0	188
65000	104	84	72	20	0	188
66000	103	81	73	22	0	184
67000	103	81	73	22	0	184
68000	102	80	74	22	0	182
69000	102	80	74	22	0	182
70000	102	80	74	22	0	182
71000	102	80	74	22	0	182
72000	101	78	75	23	0	179
73000	99	74	77	25	0	173
74000	99	74	77	25	0	173
75000	98	73	78	25	0	171
76000	97	72	79	25	0	169
77000	97	72	79	25	0	169
78000	97	72	79	25	0	169
79000	97	72	79	25	0	169
80000	96	71	80	25	0	167
81000	95	70	81	25	0	165
82000	94	69	82	25	0	163
83000	94	69	82	25	0	163
84000	92	67	84	25	0	159
85000	92	67	84	25	0	159
86000	91	66	85	25	0	157
87000	91	66	85	25	0	157
88000	90	65	86	25	0	155
89000	89	64	87	25	0	153
90000	89	64	87	25	0	153
91000	89	64	87	25	0	153
92000	89	64	87	25	0	153
93000	88	63	88	25	0	151
94000	88	63	88	25	0	151
95000	88	63	88	25	0	151
96000	87	62	89	25	0	149
97000	87	62	89	25	0	149
98000	87	62	89	25	0	149
99000	87	62	89	25	0	149
100000	86	61	90	25	0	147
101000	86	61	90	25	0	147
102000	86	61	90	25	0	147
103000	86	61	90	25	0	147
104000	86	61	90	25	0	147
105000	86	61	90	25	0	147
106000	86	61	90	25	0	147
107000	86	61	90	25	0	147
108000	85	60	91	25	0	145
109000	85	60	91	25	0	145
110000	84	59	92	25	0	143
111000	84	59	92	25	0	143
112000	84	59	92	25	0	143
113000	84	59	92	25	0	143
114000	83	58	93	25	0	141
115000	83	58	93	25	0	141
116000	83	58	93	25	0	141
117000	82	57	94	25	0	139
118000	82	57	94	25	0	139
119000	82	57	94	25	0	139
120000	82	57	94	25	0	139
121000	82	57	94	25	0	139
122000	82	57	94	25	0	139
123000	81	56	95	25	0	137
124000	80	55	96	25	0	135
125000	80	55	96	25	0	135
126000	80	55	96	25	0	135
127000	80	55	96	25	0	135
128000	79	54	97	25	0	133
129000	78	53	98	25	0	131
130000	78	53	98	25	0	131
131000	77	52	99	25	0	129
132000	77	52	99	25	0	129
133000	77	51	99	26	0	128
134000	77	51	99	26	0	128
135000	76	50	100	26	0	126
136000	76	43	100	33	0	119
137000	76	29	100	47	0	105
138000	76	15	100	61	0	91
139000	74	0	100	76	2	74
140000	52	0	100	76	24	52
141000	30	0	100	76	46	30
142000	8	0	100	76	68	8
143000	0	0	100	76	76	0
144000	0	0	100	76	76	0
145000	0	0	100	76	76	0
146000	0	0	100	76	76	0
147000	0	0	100	76	76	0
148000	0	0	100	76	76	0
149000	0	0	100	76	76	0
150000	0	0	100	76	76	0
151000	0	0	100	76	76	0
152000	0	0	100	76	76	0
153000	0	0	100	76	76	0
154000	0	0	100	76	76	0
155000	0	0	100	76	76	0
156000	0	0	100	76	76	0
157000	0	0	100	76	76	0
158000	0	0	100	76	76	0
159000	0	0	100	76	76	0
160000	0	0	100	76	76	0
161000	0	0	100	76	76	0
162000	0	0	100	76	76	0
163000	0	0	100	76	76	0
164000	0	0	100	76	76	0
165000	0	0	100	76	76	0
166000	0	0	100	76	76	0
167000	0	0	100	76	76	0
168000	0	0	100	76	76	0
169000	0	0	100	76	76	0
170000	0	0	100	76	76	0
171000	0	0	100	76	76	0
172000	0	0	100	76	76	0
173000	0	0	100	76	76	0
174000	0	0	100	76	76	0
175000	0	0	100	76	76	0
176000	0	0	100	76	76	0
177000	0	0	100	76	76	0
178000	0	0	100	76	76	0
179000	0	0	100	76	76	0
180000	0	0	100	76	76	0
181000	0	0	100	76	76	0
182000	0	0	100	76	76	0
183000	0	0	100	76	76	0
184000	0	0	100	76	76	0
185000	0	0	100	76	76	0
186000	0	0	100	76	76	0
187000	0	0	100	76	76	0
188000	0	0	100	76	76	0
189000	0	0	100	76	76	0
190000	0	0	100	76	76	0
191000	0	0	100	76	76	0
192000	0	0	100	76	76	0
193000	0	0	100	76	76	0
194000	0	0	100	76	76	0
195000	0	0	100	76	76	0
196000	0	0	100	76	76	0
197000	0	0	100	76	76	0
198000	0	0	100	76	76	0
199000	0	0	100	76	76	0
200000	0	0	100	76	76	0
201000	0	0	100	76	76	0
202000	0	0	100	76	76	0
203000	0	0	100	76	76	0
204000	0	0	100	76	76	0
205000	0	0	100	76	76	0
206000	0	0	100	76	76	0
207000	0	0	100	76	76	0
208000	0	0	100	76	76	0
209000	0	0	100	76	76	0
210000	0	0	100	76	76	0
211000	0	0	100	76	76	0
212000	0	0	100	76	76	0
213000	0	0	100	76	76	0
214000	0	0	100	76	76	0
215000	0	0	100	76	76	0
216000	0	0	100	76	76	0
217000	0	0	100	76	76	0
218000	0	0	100	76	76	0
219000	0	0	100	76	76	0
220000	0	0	100	76	76	0
221000	0	0	100	76	76	0
222000	0	0	100	76	76	0
223000	0	0	100	76	76	0
224000	0	0	100	76	76	0
225000	0	0	100	76	76	0
226000	0	0	100	76	76	0
227000	0	0	100	76	76	0
228000	0	0	100	76	76	0
229000	0	0	100	76	76	0
230000	0	0	100	76	76	0
231000	0	0	100	76	76	0
232000	0	0	100	76	76	0
233000	0	0	100	76	76	0
234000	0	0	100	76	76	0
235000	0	0	100	76	76	0
236000	0	0	100	76	76	0
237000	0	0	100	76	76	0
238000	0	0	100	76	76	0
239000	0	0	100	76	76	0
240000	0	0	100	76	76	0
241000	0	0	100	76	76	0
242000	0	0	100	76	76	0
243000	0	0	100	76	76	0
244000	0	0	100	76	76	0
245000	0	0	100	76	76	0
246000	0	0	100	76	76	0
247000	0	0	100	76	76	0
248000	0	0	100	76	76	0
249000	0	0	100	76	76	0
250000	0	0	100	76	76	0
251000	0	0	100	76	76	0
252000	0	0	100	76	76	0
253000	0	0	100	76	76	0
254000	0	0	100	76	76	0
255000	0	0	100	76	76	0
256000	0	0	100	76	76	0
257000	0	0	100	76	76	0
258000	0	0	100	76	76	0
259000	0	0	100	76	76	0
260000	0	0	100	76	76	0
261000	0	0	100	76	76	0
262000	0	0	100	76	76	0
263000	0	0	100	76	76	0
264000	0	0	100	76	76	0
265000	0	0	100	76	76	0
266000	0	0	100	76	76	0
267000	0	0	100	76	76	0
268000	0	0	100	76	76	0
269000	0	0	100	76	76	0
270000	0	0	100	76	76	0
271000	0	0	100	76	76	0
272000	0	0	100	76	76	0
273000	0	0	100	76	76	0
274000	0	0	100	76	76	0
275000	0	0	100	76	76	0
276000	0	0	100	76	76	0
277000	0	0	100	76	76	0
278000	0	0	100	76	76	0
279000	0	0	100	76	76	0
280000	0	0	100	76	76	0
281000	0	0	100	76	76	0
282000	0	0	100	76	76	0
283000	0	0	100	76	76	0
284000	0	0	100	76	76	0
285000	0	0	100	76	76	0
286000	0	0	100	76	76	0
287000	0	0	100	76	76	0
288000	0	0	100	76	76	0
289000	0	0	100	76	76	0
290000	0	0	100	76	76	0
291000	0	0	100	76	76	0
292000	0	0	100	76	76	0
293000	0	0	100	76	76	0
294000	0	0	100	76	76	0
295000	0	0	100	76	76	0
296000	0	0	100	76	76	0
297000	0	0	100	76	76	0
298000	0	0	100	76	76	0
299000	0	0	100	76	76	0
300000	0	0	100	76	76	0
301000	0	0	100	76	76	0
302000	0	0	100	76	76	0
303000	0	0	100	76	76	0
304000	0	0	100	76	76	0
305000	0	0	100	76	76	0
306000	0	0	100	76	76	0
307000	0	0	100	76	76	0
308000	0	0	100	76	76	0
309000	0	0	100	76	76	0
310000	0	0	100	76	76	0
311000	0	0	100	76	76	0
312000	0	0	100	76	76	0
313000	0	0	100	76	76	0
314000	0	0	100	76	76	0
315000	0	0	100	76	76	0
316000	0	0	100	76	76	0
317000	0	0	100	76	76	0
318000	0	0	100	76	76	0
319000	0	0	100	76	76	0
320000	0	0	100	76	76	0
321000	0	0	100	76	76	0
322000	0	0	100	76	76	0
323000	0	0	100	76	76	0
324000	0	0	100	76	76	0
325000	0	0	100	76	76	0
326000	0	0	100	76	76	0
327000	0	0	100	76	76	0
328000	0	0	100	76	76	0
329000	0	0	100	76	76	0
330000	0	0	100	76	76	0
331000	0	0	100	76	76	0
332000	0	0	100	76	76	0
333000	0	0	100	76	76	0
334000	0	0	100	76	76	0
335000	0	0	100	76	76	0
336000	0	0	100	76	76	0
337000	0	0	100	76	76	0
338000	0	0	100	76	76	0
339000	0	0	100	76	76	0
340000	0	0	100	76	76	0
341000	0	0	100	76	76	0
342000	0	0	100	76	76	0
343000	0	0	100	76	76	0
344000	0	0	100	76	76	0
345000	0	0	100	76	76	0
346000	0	0	100	76	76	0
347000	0	0	100	76	76	0
348000	0	0	100	76	76	0
349000	0	0	100	76	76	0
350000	0	0	100	76	76	0
351000	0	0	100	76	76	0
352000	0	0	100	76	76	0
353000	0	0	100	76	76	0
354000	0	0	100	76	76	0
355000	0	0	100	76	76	0
356000	0	0	100	76	76	0
357000	0	0	100	76	76	0
358000	0	0	100	76	76	0
359000	0	0	100	76	76	0
360000	0	0	100	76	76	0
361000	0	0	100	76	76	0
362000	0	0	100	76	76	0
363000	0	0	100	76	76	0
364000	0	0	100	76	76	0
365000	0	0	100	76	76	0
366000	0	0	100	76	76	0
367000	0	0	100	76	76	0
368000	0	0	100	76	76	0
369000	0	0	100	76	76	0
370000	0	0	100	76	76	0
371000	0	0	100	76	76	0
372000	0	0	100	76	76	0
373000	0	0	100	76	76	0
374000	0	0	100	76	76	0
375000	0	0	100	76	76	0
376000	0	0	100	76	76	0
377000	0	0	100	76	76	0
378000	0	0	100	76	76	0
379000	0	0	100	76	76	0
380000	0	0	100	76	76	0
381000	0	0	100	76	76	0
382000	0	0	100	76	76	0
383000	0	0	100	76	76	0
384000	0	0	100	76	76	0
385000	0	0	100	76	76	0
386000	0	0	100	76	76	0
387000	0	0	100	76	76	0
388000	0	0	100	76	76	0
389000	0	0	100	76	76	0
390000	0	0	100	76	76	0
391000	0	0	100	76	76	0
392000	0	0	100	76	76	0
393000	0	0	100	76	76	0
394000	0	0	100	76	76	0
395000	0	0	100	76	76	0
396000	0	0	100	76	76	0
397000	0	0	100	76	76	0
398000	0	0	100	76	76	0
399000	0	0	100	76	76	0
400000	0	0	100	76	76	0
401000	0	0	100	76	76	0
402000	0	0	100	76	76	0
403000	0	0	100	76	76	0
404000	0	0	100	76	76	0
405000	0	0	100	76	76	0
406000	0	0	100	76	76	0
407000	0	0	100	76	76	0
408000	0	0	100	76	76	0
409000	0	0	100	76	76	0
410000	0	0	100	76	76	0
411000	0	0	100	76	76	0
412000	0	0	100	76	76	0
413000	0	0	100	76	76	0
414000	0	0	100	76	76	0
415000	0	0	100	76	76	0
416000	0	0	100	76	76	0
417000	0	0	100	76	76	0
418000	0	0	100	76	76	0
419000	0	0	100	76	76	0
420000	0	0	100	76	76	0
421000	0	0	100	76	76	0
422000	0	0	100	76	76	0
423000	0	0	100	76	76	0
424000	0	0	100	76	76	0
425000	0	0	100	76	76	0
426000	0	0	100	76	76	0
427000	0	0	100	76	76	0
428000	0	0	100	76	76	0
429000	0	0	100	76	76	0
430000	0	0	100	76	76	0
431000	0	0	100	76	76	0
432000	0	0	100	76	76	0
433000	0	0	100	76	76	0
434000	0	0	100	76	76	0
435000	0	0	100	76	76	0
436000	0	0	100	76	76	0
437000	0	0	100	76	76	0
438000	0	0	100	76	76	0
439000	0	0	100	76	76	0
440000	0	0	100	76	76	0
441000	0	0	100	76	76	0
442000	0	0	100	76	76	0
443000	0	0	100	76	76	0
444000	0	0	100	76	76	0
445000	0	0	100	76	76	0
446000	0	0	100	76	76	0
447000	0	0	100	76	76	0
448000	0	0	100	76	76	0
449000	0	0	100	76	76	0
450000	0	0	100	76	76	0
451000	0	0	100	76	76	0
452000	0	0	100	76	76	0
453000	0	0	100	76	76	0
454000	0	0	100	76	76	0
455000	0	0	100	76	76	0
456000	0	0	100	76	76	0
457000	0	0	100	76	76	0
458000	0	0	100	76	76	0
459000	0	0	100	76	76	0
460000	0	0	100	76	76	0
461000	0	0	100	76	76	0
462000	0	0	100	76	76	0
463000	0	0	100	76	76	0
464000	0	0	100	76	76	0
465000	0	0	100	76	76	0
466000	0	0	100	76	76	0
467000	0	0	100	76	76	0
468000	0	0	100	76	76	0
469000	0	0	100	76	76	0
470000	0	0	100	76	76	0
471000	0	0	100	76	76	0
472000	0	0	100	76	76	0
473000	0	0	100	76	76	0
474000	0	0	100	76	76	0
475000	0	0	100	76	76	0
476000	0	0	100	76	76	0
477000	0	0	100	76	76	0
478000	0	0	100	76	76	0
479000	0	0	100	76	76	0
480000	0	0	100	76	76	0
481000	0	0	100	76	76	0
482000	0	0	100	76	76	0
483000	0	0	100	76	76	0
484000	0	0	100	76	76	0
485000	0	0	100	76	76	0
486000	0	0	100	76	76	0
487000	0	0	100	76	76	0
488000	0	0	100	76	76	0
489000	0	0	100	76	76	0
490000	0	0	100	76	76	0
491000	0	0	100	76	76	0
492000	0	0	100	76	76	0
493000	0	0	100	76	76	0
494000	0	0	100	76	76	0
495000	0	0	100	76	76	0
496000	0	0	100	76	76	0
497000	0	0	100	76	76	0
498000	0	0	100	76	76	0
499000	0	0	100	76	76	0
500000	0	0	100	76	76	0
501000	0	0	100	76	76	0
502000	0	0	100	76	76	0
503000	0	0	100	76	76	0
504000	0	0	100	76	76	0
505000	0	0	100	76	76	0
506000	0	0	100	76	76	0
507000	0	0	100	76	76	0
508000	0	0	100	76	76	0
509000	0	0	100	76	76	0
510000	0	0	100	76	76	0
511000	0	0	100	76	76	0
512000	0	0	100	76	76	0
513000	0	0	100	76	76	0
514000	0	0	100	76	76	0
515000	0	0	100	76	76	0
516000	0	0	100	76	76	0
517000	0	0	100	76	76	0
518000	0	0	100	76	76	0
519000	0	0	100	76	76	0
520000	0	0	100	76	76	0
521000	0	0	100	76	76	0
522000	0	0	100	76	76	0
523000	0	0	100	76	76	0
524000	0	0	100	76	76	0
525000	0	0	100	76	76	0
526000	0	0	100	76	76	0
527000	0	0	100	76	76	0
528000	0	0	100	76	76	0
529000	0	0	100	76	76	0
530000	0	0	100	76	76	0
531000	0	0	100	76	76	0
532000	0	0	100	76	76	0
533000	0	0	100	76	76	0
534000	0	0	100	76	76	0
535000	0	0	100	76	76	0
536000	0	0	100	76	76	0
537000	0	0	100	76	76	0
538000	0	0	100	76	76	0
539000	0	0	100	76	76	0
540000	0	0	100	76	76	0
541000	0	0	100	76	76	0
542000	0	0	100	76	76	0
543000	0	0	100	76	76	0
544000	0	0	100	76	76	0
545000	0	0	100	76	76	0
546000	0	0	100	76	76	0
547000	0	0	100	76	76	0
548000	0	0	100	76	76	0
549000	0	0	100	76	76	0
550000	0	0	100	76	76	0
551000	0	0	100	76	76	0
552000	0	0	100	76	76	0
553000	0	0	100	76	76	0
554000	0	0	100	76	76	0
555000	0	0	100	76	76	0
556000	0	0	100	76	76	0
557000	0	0	100	76	76	0
558000	0	0	100	76	76	0
559000	0	0	100	76	76	0
560000	0	0	100	76	76	0
561000	0	0	100	76	76	0
562000	0	0	100	76	76	0
563000	0	0	100	76	76	0
564000	0	0	100	76	76	0
565000	0	0	100	76	76	0
566000	0	0	100	76	76	0
567000	0	0	100	76	76	0
568000	0	0	100	76	76	0
569000	0	0	100	76	76	0
570000	0	0	100	76	76	0
571000	0	0	100	76	76	0
572000	0	0	100	76	76	0
573000	0	0	100	76	76	0
574000	0	0	100	76	76	0
575000	0	0	100	76	76	0
576000	0	0	100	76	76	0
577000	0	0	100	76	76	0
578000	0	0	100	76	76	0
579000	0	0	100	76	76	0
580000	0	0	100	76	76	0
581000	0	0	100	76	76	0
582000	0	0	100	76	76	0
583000	0	0	100	76	76	0
584000	0	0	100	76	76	0
585000	0	0	100	76	76	0
586000	0	0	100	76	76	0
587000	0	0	100	76	76	0
588000	0	0	100	76	76	0
589000	0	0	100	76	76	0
590000	0	0	100	76	76	0
591000	0	0	100	76	76	0
592000	0	0	100	76	76	0
593000	0	0	100	76	76	0
594000	0	0	100	76	76	0
595000	0	0	100	76	76	0
596000	0	0	100	76	76	0
597000	0	0	100	76	76	0
598000	0	0	100	76	76	0
599000	0	0	100	76	76	0
600000	0	0	100	76	76	0
601000	0	0	100	76	76	0
602000	0	0	100	76	76	0
603000	0	0	100	76	76	0
604000	0	0	100	76	76	0
605000	0	0	100	76	76	0
606000	0	0	100	76	76	0
607000	0	0	100	76	76	0
608000	0	0	100	76	76	0
609000	0	0	100	76	76	0
610000	0	0	100	76	76	0
611000	0	0	100	76	76	0
612000	0	0	100	76	76	0
613000	0	0	100	76	76	0
614000	0	0	100	76	76	0
615000	0	0	100	76	76	0
616000	0	0	100	76	76	0
617000	0	0	100	76	76	0
618000	0	0	100	76	76	0
619000	0	0	100	76	76	0
620000	0	0	100	76	76	0
621000	0	0	100	76	76	0
622000	0	0	100	76	76	0
623000	0	0	100	76	76	0
624000	0	0	100	76	76	0
625000	0	0	100	76	76	0
626000	0	0	100	76	76	0
627000	0	0	100	76	76	0
628000	0	0	100	76	76	0
629000	0	0	100	76	76	0
630000	0	0	100	76	76	0
631000	0	0	100	76	76	0
632000	0	0	100	76	76	0
633000	0	0	100	76	76	0
634000	0	0	100	76	76	0
635000	0	0	100	76	76	0
636000	0	0	100	76	76	0
637000	0	0	100	76	76	0
638000	0	0	100	76	76	0
639000	0	0	100	76	76	0
640000	0	0	100	76	76	0
641000	0	0	100	76	76	0
642000	0	0	100	76	76	0
643000	0	0	100	76	76	0
644000	0	0	100	76	76	0
645000	0	0	100	76	76	0
646000	0	0	100	76	76	0
647000	0	0	100	76	76	0
648000	0	0	100	76	76	0
649000	0	0	100	76	76	0
650000	0	0	100	76	76	0
651000	0	0	100	76	76	0
652000	0	0	100	76	76	0
653000	0	0	100	76	76	0
654000	0	0	100	76	76	0
655000	0	0	100	76	76	0
656000	0	0	100	76	76	0
657000	0	0	100	76	76	0
658000	0	0	100	76	76	0
659000	0	0	100	76	76	0
660000	0	0	100	76	76	0
661000	0	0	100	76	76	0
662000	0	0	100	76	76	0
663000	0	0	100	76	76	0
664000	0	0	100	76	76	0
665000	0	0	100	76	76	0
666000	0	0	100	76	76	0
667000	0	0	100	76	76	0
668000	0	0	100	76	76	0
669000	0	0	100	76	76	0
670000	0	0	100	76	76	0
671000	0	0	100	76	76	0
672000	0	0	100	76	76	0
673000	0	0	100	76	76	0
674000	0	0	100	76	76	0
675000	0	0	100	76	76	0
676000	0	0	100	76	76	0
677000	0	0	100	76	76	0
678000	0	0	100	76	76	0
679000	0	0	100	76	76	0
680000	0	0	100	76	76	0
681000	0	0	100	76	76	0
682000	0	0	100	76	76	0
683000	0	0	100	76	76	0
684000	0	0	100	76	76	0
685000	0	0	100	76	76	0
686000	0	0	100	76	76	0
687000	0	0	100	76	76	0
688000	0	0	100	76	76	0
689000	0	0	100	76	76	0
690000	0	0	100	76	76	0
691000	0	0	100	76	76	0
692000	0	0	100	76	76	0
693000	0	0	100	76	76	0
694000	0	0	100	76	76	0
695000	0	0	100	76	76	0
696000	0	0	100	76	76	0
697000	0	0	100	76	76	0
698000	0	0	100	76	76	0
699000	0	0	100	76	76	0
700000	0	0	100	76	76	0
701000	0	0	100	76	76	0
702000	0	0	100	76	76	0
703000	0	0	100	76	76	0
704000	0	0	100	76	76	0
705000	0	0	100	76	76	0
706000	0	0	100	76	76	0
707000	0	0	100	76	76	0
708000	0	0	100	76	76	0
709000	0	0	100	76	76	0
710000	0	0	100	76	76	0
711000	0	0	100	76	76	0
712000	0	0	100	76	76	0
713000	0	0	100	76	76	0
714000	0	0	100	76	76	0
715000	0	0	100	76	76	0
716000	0	0	100	76	76	0
717000	0	0	100	76	76	0
718000	0	0	100	76	76	0
719000	0	0	100	76	76	0
720000	0	0	100	76	76	0
721000	0	0	100	76	76	0
722000	0	0	100	76	76	0
723000	0	0	100	76	76	0
724000	0	0	100	76	76	0
725000	0	0	100	76	76	0
726000	0	0	100	76	76	0
727000	0	0	100	76	76	0
728000	0	0	100	76	76	0
729000	0	0	100	76	76	0
730000	0	0	100	76	76	0
731000	0	0	100	76	76	0
732000	0	0	100	76	76	0
733000	0	0	100	76	76	0
734000	0	0	100	76	76	0
735000	0	0	100	76	76	0
736000	0	0	100	76	76	0
737000	0	0	100	76	76	0
738000	0	0	100	76	76	0
739000	0	0	100	76	76	0
740000	0	0	100	76	76	0
741000	0	0	100	76	76	0
742000	0	0	100	76	76	0
743000	0	0	100	76	76	0
744000	0	0	100	76	76	0
745000	0	0	100	76	76	0
746000	0	0	100	76	76	0
747000	0	0	100	76	76	0
748000	0	0	100	76	76	0
749000	0	0	100	76	76	0
750000	0	0	100	76	76	0
751000	0	0	100	76	76	0
752000	0	0	100	76	76	0
753000	0	0	100	76	76	0
754000	0	0	100	76	76	0
755000	0	0	100	76	76	0
756000	0	0	100	76	76	0
757000	0	0	100	76	76	0
758000	0	0	100	76	76	0
759000	0	0	100	76	76	0
760000	0	0	100	76	76	0
761000	0	0	100	76	76	0
762000	0	0	100	76	76	0
763000	0	0	100	76	76	0
764000	0	0	100	76	76	0
765000	0	0	100	76	76	0
766000	0	0	100	76	76	0
767000	0	0	100	76	76	0
768000	0	0	100	76	76	0
769000	0	0	100	76	76	0
770000	0	0	100	76	76	0
771000	0	0	100	76	76	0
772000	0	0	100	76	76	0
773000	0	0	100	76	76	0
774000	0	0	100	76	76	0
775000	0	0	100	76	76	0
776000	0	0	100	76	76	0
777000	0	0	100	76	76	0
778000	0	0	100	76	76	0
779000	0	0	100	76	76	0
780000	0	0	100	76	76	0
781000	0	0	100	76	76	0
782000	0	0	100	76	76	0
783000	0	0	100	76	76	0
784000	0	0	100	76	76	0
785000	0	0	100	76	76	0
786000	0	0	100	76	76	0
787000	0	0	100	76	76	0
788000	0	0	100	76	76	0
789000	0	0	100	76	76	0
790000	0	0	100	76	76	0
791000	0	0	100	76	76	0
792000	0	0	100	76	76	0
793000	0	0	100	76	76	0
794000	0	0	100	76	76	0
795000	0	0	100	76	76	0
796000	0	0	100	76	76	0
797000	0	0	100	76	76	0
798000	0	0	100	76	76	0
799000	0	0	100	76	76	0
800000	0	0	100	76	76	0
801000	0	0	100	76	76	0
802000	0	0	100	76	76	0
803000	0	0	100	76	76	0
804000	0	0	100	76	76	0
805000	0	0	100	76	76	0
806000	0	0	100	76	76	0
807000	0	0	100	76	76	0
808000	0	0	100	76	76	0
809000	0	0	100	76	76	0
810000	0	0	100	76	76	0
811000	0	0	100	76	76	0
812000	0	0	100	76	76	0
813000	0	0	100	76	76	0
814000	0	0	100	76	76	0
815000	0	0	100	76	76	0
816000	0	0	100	76	76	0
817000	0	0	100	76	76	0
818000	0	0	100	76	76	0
819000	0	0	100	76	76	0
820000	0	0	100	76	76	0
821000	0	0	100	76	76	0
822000	0	0	100	76	76	0
823000	0	0	100	76	76	0
824000	0	0	100	76	76	0
825000	0	0	100	76	76	0
826000	0	0	100	76	76	0
827000	0	0	100	76	76	0
828000	0	0	100	76	76	0
829000	0	0	100	76	76	0
830000	0	0	100	76	76	0
831000	0	0	100	76	76	0
832000	0	0	100	76	76	0
833000	0	0	100	76	76	0
834000	0	0	100	76	76	0
835000	0	0	100	76	76	0
836000	0	0	100	76	76	0
837000	0	0	100	76	76	0
838000	0	0	100	76	76	0
839000	0	0	100	76	76	0
840000	0	0	100	76	76	0
841000	0	0	100	76	76	0
842000	0	0	100	76	76	0
843000	0	0	100	76	76	0
844000	0	0	100	76	76	0
845000	0	0	100	76	76	0
846000	0	0	100	76	76	0
847000	0	0	100	76	76	0
848000	0	0	100	76	76	0
849000	0	0	100	76	76	0
850000	0	0	100	76	76	0
851000	0	0	100	76	76	0
852000	0	0	100	76	76	0
853000	0	0	100	76	76	0
854000	0	0	100	76	76	0
855000	0	0	100	76	76	0
856000	0	0	100	76	76	0
857000	0	0	100	76	76	0
858000	0	0	100	76	76	0
859000	0	0	100	76	76	0
860000	0	0	100	76	76	0
861000	0	0	100	76	76	0
862000	0	0	100	76	76	0
863000	0	0	100	76	76	0
864000	0	0	100	76	76	0
865000	0	0	100	76	76	0
866000	0	0	100	76	76	0
867000	0	0	100	76	76	0
868000	0	0	100	76	76	0
869000	0	0	100	76	76	0
870000	0	0	100	76	76	0
871000	0	0	100	76	76	0
872000	0	0	100	76	76	0
873000	0	0	100	76	76	0
874000	0	0	100	76	76	0
875000	0	0	100	76	76	0
876000	0	0	100	76	76	0
877000	0	0	100	76	76	0
878000	0	0	100	76	76	0
879000	0	0	100	76	76	0
880000	0	0	100	76	76	0
881000	0	0	100	76	76	0
882000	0	0	100	76	76	0
883000	0	0	100	76	76	0
884000	0	0	100	76	76	0
885000	0	0	100	76	76	0
886000	0	0	100	76	76	0
887000	0	0	100	76	76	0
888000	0	0	100	76	76	0
889000	0	0	100	76	76	0
890000	0	0	100	76	76	0
891000	0	0	100	76	76	0
892000	0	0	100	76	76	0
893000	0	0	100	76	76	0
894000	0	0	100	76	76	0
895000	0	0	100	76	76	0
896000	0	0	100	76	76	0
897000	0	0	100	76	76	0
898000	0	0	100	76	76	0
899000	0	0	100	76	76	0
900000	0	0	100	76	76	0
901000	0	0	100	76	76	0
902000	0	0	100	76	76	0
903000	0	0	100	76	76	0
904000	0	0	100	76	76	0
905000	0	0	100	76	76	0
906000	0	0	100	76	76	0
907000	0	0	100	76	76	0
908000	0	0	100	76	76	0
909000	0	0	100	76	76	0
910000	0	0	100	76	76	0
911000	0	0	100	76	76	0
912000	0	0	100	76	76	0
913000	0	0	100	76	76	0
914000	0	0	100	76	76	0
915000	0	0	100	76	76	0
916000	0	0	100	76	76	0
917000	0	0	100	76	76	0
