                Time  Interstls  Vacancies   Recmbtns   VcncySfc   IntlnSfc  defects
              0.0000        175        179          1          0          0        354
            100.0000        174        178          2          0          0        352
            200.0000        174        178          2          0          0        352
            300.0000        172        176          4          0          0        348
            400.0000        172        176          4          0          0        348
            500.0000        172        176          4          0          0        348
            600.0000        172        176          4          0          0        348
            700.0000        172        176          4          0          0        348
            800.0000        172        176          4          0          0        348
            900.0000        172        176          4          0          0        348
           1000.0000        172        176          4          0          0        348
           1100.0000        172        176          4          0          0        348
           1200.0000        171        175          5          0          0        346
           1300.0000        171        175          5          0          0        346
           1400.0000        171        175          5          0          0        346
           1500.0000        171        175          5          0          0        346
           1600.0000        171        175          5          0          0        346
           1700.0000        170        174          6          0          0        344
           1800.0000        170        174          6          0          0        344
           1900.0000        170        174          6          0          0        344
           2000.0000        170        174          6          0          0        344
           2100.0000        170        174          6          0          0        344
           2200.0000        169        173          7          0          0        342
           2300.0000        169        173          7          0          0        342
           2400.0000        169        173          7          0          0        342
           2500.0000        169        173          7          0          0        342
           2600.0000        169        173          7          0          0        342
           2700.0000        168        172          8          0          0        340
           2800.0000        168        172          8          0          0        340
           2900.0000        168        172          8          0          0        340
           3000.0000        168        172          8          0          0        340
           3100.0000        167        171          9          0          0        338
           3200.0000        167        171          9          0          0        338
           3300.0000        167        171          9          0          0        338
           3400.0000        167        171          9          0          0        338
           3500.0000        167        171          9          0          0        338
           3600.0000        167        171          9          0          0        338
           3700.0000        167        171          9          0          0        338
           3800.0000        167        171          9          0          0        338
           3900.0000        166        170         10          0          0        336
           4000.0000        166        170         10          0          0        336
           4100.0000        165        169         11          0          0        334
           4200.0000        165        169         11          0          0        334
           4300.0000        165        169         11          0          0        334
           4400.0000        165        169         11          0          0        334
           4500.0000        165        169         11          0          0        334
           4600.0000        165        169         11          0          0        334
           4700.0000        164        168         12          0          0        332
           4800.0000        164        168         12          0          0        332
           4900.0000        164        168         12          0          0        332
           5000.0000        163        167         13          0          0        330
           5100.0000        163        167         13          0          0        330
           5200.0000        163        167         13          0          0        330
           5300.0000        163        167         13          0          0        330
           5400.0000        163        167         13          0          0        330
           5500.0000        163        167         13          0          0        330
           5600.0000        163        167         13          0          0        330
           5700.0000        163        167         13          0          0        330
           5800.0000        162        166         14          0          0        328
           5900.0000        161        165         15          0          0        326
           6000.0000        161        165         15          0          0        326
           6100.0000        161        165         15          0          0        326
           6200.0000        161        165         15          0          0        326
           6300.0000        161        165         15          0          0        326
           6400.0000        161        165         15          0          0        326
           6500.0000        161        165         15          0          0        326
           6600.0000        161        165         15          0          0        326
           6700.0000        161        165         15          0          0        326
           6800.0000        161        165         15          0          0        326
           6900.0000        161        165         15          0          0        326
           7000.0000        160        164         16          0          0        324
           7100.0000        160        164         16          0          0        324
           7200.0000        158        162         18          0          0        320
           7300.0000        157        161         19          0          0        318
           7400.0000        157        161         19          0          0        318
           7500.0000        157        161         19          0          0        318
           7600.0000        157        161         19          0          0        318
           7700.0000        157        161         19          0          0        318
           7800.0000        157        161         19          0          0        318
           7900.0000        157        161         19          0          0        318
           8000.0000        157        161         19          0          0        318
           8100.0000        157        161         19          0          0        318
           8200.0000        157        161         19          0          0        318
           8300.0000        157        161         19          0          0        318
           8400.0000        157        161         19          0          0        318
           8500.0000        157        161         19          0          0        318
           8600.0000        157        161         19          0          0        318
           8700.0000        157        161         19          0          0        318
           8800.0000        157        161         19          0          0        318
           8900.0000        157        161         19          0          0        318
           9000.0000        154        158         22          0          0        312
           9100.0000        153        157         23          0          0        310
           9200.0000        153        157         23          0          0        310
           9300.0000        153        157         23          0          0        310
           9400.0000        152        156         24          0          0        308
           9500.0000        152        156         24          0          0        308
           9600.0000        152        156         24          0          0        308
           9700.0000        152        156         24          0          0        308
           9800.0000        152        156         24          0          0        308
           9900.0000        152        156         24          0          0        308
          10000.0000        151        155         25          0          0        306
          10100.0000        151        155         25          0          0        306
          10200.0000        151        155         25          0          0        306
          10300.0000        151        155         25          0          0        306
          10400.0000        151        155         25          0          0        306
          10500.0000        150        154         26          0          0        304
          10600.0000        150        154         26          0          0        304
          10700.0000        150        154         26          0          0        304
          10800.0000        150        154         26          0          0        304
          10900.0000        150        154         26          0          0        304
          11000.0000        150        154         26          0          0        304
          11100.0000        150        154         26          0          0        304
          11200.0000        150        154         26          0          0        304
          11300.0000        150        154         26          0          0        304
          11400.0000        150        154         26          0          0        304
          11500.0000        150        154         26          0          0        304
          11600.0000        150        154         26          0          0        304
          11700.0000        150        154         26          0          0        304
          11800.0000        150        154         26          0          0        304
          11900.0000        150        154         26          0          0        304
          12000.0000        150        154         26          0          0        304
          12100.0000        150        154         26          0          0        304
          12200.0000        150        154         26          0          0        304
          12300.0000        150        154         26          0          0        304
          12400.0000        150        154         26          0          0        304
          12500.0000        150        154         26          0          0        304
          12600.0000        149        153         27          0          0        302
          12700.0000        149        153         27          0          0        302
          12800.0000        149        153         27          0          0        302
          12900.0000        149        153         27          0          0        302
          13000.0000        149        153         27          0          0        302
          13100.0000        149        153         27          0          0        302
          13200.0000        149        153         27          0          0        302
          13300.0000        149        153         27          0          0        302
          13400.0000        148        152         28          0          0        300
          13500.0000        148        152         28          0          0        300
          13600.0000        148        152         28          0          0        300
          13700.0000        148        152         28          0          0        300
          13800.0000        148        152         28          0          0        300
          13900.0000        148        152         28          0          0        300
          14000.0000        148        152         28          0          0        300
          14100.0000        148        152         28          0          0        300
          14200.0000        148        152         28          0          0        300
          14300.0000        148        152         28          0          0        300
          14400.0000        148        152         28          0          0        300
          14500.0000        148        152         28          0          0        300
          14600.0000        148        152         28          0          0        300
          14700.0000        148        152         28          0          0        300
          14800.0000        148        152         28          0          0        300
          14900.0000        148        152         28          0          0        300
          15000.0000        148        152         28          0          0        300
          15100.0000        148        152         28          0          0        300
          15200.0000        148        152         28          0          0        300
          15300.0000        148        152         28          0          0        300
          15400.0000        148        152         28          0          0        300
          15500.0000        148        152         28          0          0        300
          15600.0000        148        152         28          0          0        300
          15700.0000        148        152         28          0          0        300
          15800.0000        148        152         28          0          0        300
          15900.0000        148        152         28          0          0        300
          16000.0000        148        152         28          0          0        300
          16100.0000        148        152         28          0          0        300
          16200.0000        148        152         28          0          0        300
          16300.0000        148        152         28          0          0        300
          16400.0000        148        152         28          0          0        300
          16500.0000        148        152         28          0          0        300
          16600.0000        148        152         28          0          0        300
          16700.0000        148        152         28          0          0        300
          16800.0000        148        152         28          0          0        300
          16900.0000        148        152         28          0          0        300
          17000.0000        148        152         28          0          0        300
          17100.0000        147        151         29          0          0        298
          17200.0000        147        151         29          0          0        298
          17300.0000        147        151         29          0          0        298
          17400.0000        147        151         29          0          0        298
          17500.0000        147        151         29          0          0        298
          17600.0000        146        150         30          0          0        296
          17700.0000        146        150         30          0          0        296
          17800.0000        146        150         30          0          0        296
          17900.0000        146        150         30          0          0        296
          18000.0000        146        150         30          0          0        296
          18100.0000        146        150         30          0          0        296
          18200.0000        146        150         30          0          0        296
          18300.0000        146        150         30          0          0        296
          18400.0000        145        149         31          0          0        294
          18500.0000        145        149         31          0          0        294
          18600.0000        145        149         31          0          0        294
          18700.0000        145        149         31          0          0        294
          18800.0000        145        149         31          0          0        294
          18900.0000        145        149         31          0          0        294
          19000.0000        145        149         31          0          0        294
          19100.0000        145        149         31          0          0        294
          19200.0000        145        149         31          0          0        294
          19300.0000        145        149         31          0          0        294
          19400.0000        145        149         31          0          0        294
          19500.0000        145        149         31          0          0        294
          19600.0000        145        149         31          0          0        294
          19700.0000        145        149         31          0          0        294
          19800.0000        145        149         31          0          0        294
          19900.0000        145        149         31          0          0        294
          20000.0000        145        149         31          0          0        294
          20100.0000        145        149         31          0          0        294
          20200.0000        145        149         31          0          0        294
          20300.0000        145        149         31          0          0        294
          20400.0000        145        149         31          0          0        294
          20500.0000        145        149         31          0          0        294
          20600.0000        145        149         31          0          0        294
          20700.0000        145        149         31          0          0        294
          20800.0000        145        149         31          0          0        294
          20900.0000        145        149         31          0          0        294
          21000.0000        145        149         31          0          0        294
          21100.0000        145        149         31          0          0        294
          21200.0000        145        149         31          0          0        294
          21300.0000        145        149         31          0          0        294
          21400.0000        145        149         31          0          0        294
          21500.0000        145        149         31          0          0        294
          21600.0000        144        148         32          0          0        292
          21700.0000        144        148         32          0          0        292
          21800.0000        144        148         32          0          0        292
          21900.0000        144        148         32          0          0        292
          22000.0000        144        148         32          0          0        292
          22100.0000        144        148         32          0          0        292
          22200.0000        144        148         32          0          0        292
          22300.0000        144        148         32          0          0        292
          22400.0000        144        148         32          0          0        292
          22500.0000        144        148         32          0          0        292
          22600.0000        144        148         32          0          0        292
          22700.0000        143        147         33          0          0        290
          22800.0000        143        147         33          0          0        290
          22900.0000        143        147         33          0          0        290
          23000.0000        143        147         33          0          0        290
          23100.0000        143        147         33          0          0        290
          23200.0000        143        147         33          0          0        290
          23300.0000        143        147         33          0          0        290
          23400.0000        143        147         33          0          0        290
          23500.0000        143        147         33          0          0        290
          23600.0000        143        147         33          0          0        290
          23700.0000        143        147         33          0          0        290
          23800.0000        143        147         33          0          0        290
          23900.0000        143        147         33          0          0        290
          24000.0000        143        147         33          0          0        290
          24100.0000        143        147         33          0          0        290
          24200.0000        143        147         33          0          0        290
          24300.0000        143        147         33          0          0        290
          24400.0000        143        147         33          0          0        290
          24500.0000        143        147         33          0          0        290
          24600.0000        143        147         33          0          0        290
          24700.0000        143        147         33          0          0        290
          24800.0000        143        147         33          0          0        290
          24900.0000        143        147         33          0          0        290
          25000.0000        143        147         33          0          0        290
          25100.0000        143        147         33          0          0        290
          25200.0000        143        147         33          0          0        290
          25300.0000        143        147         33          0          0        290
          25400.0000        143        147         33          0          0        290
          25500.0000        143        147         33          0          0        290
          25600.0000        143        147         33          0          0        290
          25700.0000        143        147         33          0          0        290
          25800.0000        143        147         33          0          0        290
          25900.0000        143        147         33          0          0        290
          26000.0000        143        147         33          0          0        290
          26100.0000        142        146         34          0          0        288
          26200.0000        142        146         34          0          0        288
          26300.0000        142        146         34          0          0        288
          26400.0000        142        146         34          0          0        288
          26500.0000        142        146         34          0          0        288
          26600.0000        142        146         34          0          0        288
          26700.0000        142        146         34          0          0        288
          26800.0000        142        146         34          0          0        288
          26900.0000        142        146         34          0          0        288
          27000.0000        142        146         34          0          0        288
          27100.0000        142        146         34          0          0        288
          27200.0000        142        146         34          0          0        288
          27300.0000        142        146         34          0          0        288
          27400.0000        142        146         34          0          0        288
          27500.0000        142        146         34          0          0        288
          27600.0000        142        146         34          0          0        288
          27700.0000        142        146         34          0          0        288
          27800.0000        142        146         34          0          0        288
          27900.0000        142        146         34          0          0        288
          28000.0000        142        146         34          0          0        288
          28100.0000        141        145         35          0          0        286
          28200.0000        141        145         35          0          0        286
          28300.0000        141        145         35          0          0        286
          28400.0000        141        145         35          0          0        286
          28500.0000        141        145         35          0          0        286
          28600.0000        141        145         35          0          0        286
          28700.0000        141        145         35          0          0        286
          28800.0000        141        145         35          0          0        286
          28900.0000        141        145         35          0          0        286
          29000.0000        141        145         35          0          0        286
          29100.0000        141        145         35          0          0        286
          29200.0000        141        145         35          0          0        286
          29300.0000        141        145         35          0          0        286
          29400.0000        141        145         35          0          0        286
          29500.0000        141        145         35          0          0        286
          29600.0000        141        145         35          0          0        286
          29700.0000        141        145         35          0          0        286
          29800.0000        141        145         35          0          0        286
          29900.0000        140        144         36          0          0        284
          30000.0000        140        144         36          0          0        284
          30100.0000        140        144         36          0          0        284
          30200.0000        140        144         36          0          0        284
          30300.0000        140        144         36          0          0        284
          30400.0000        140        144         36          0          0        284
          30500.0000        140        144         36          0          0        284
          30600.0000        140        144         36          0          0        284
          30700.0000        140        144         36          0          0        284
          30800.0000        140        144         36          0          0        284
          30900.0000        140        144         36          0          0        284
          31000.0000        140        144         36          0          0        284
          31100.0000        140        144         36          0          0        284
          31200.0000        140        144         36          0          0        284
          31300.0000        140        144         36          0          0        284
          31400.0000        140        144         36          0          0        284
          31500.0000        140        144         36          0          0        284
          31600.0000        140        144         36          0          0        284
          31700.0000        140        144         36          0          0        284
          31800.0000        140        144         36          0          0        284
          31900.0000        140        144         36          0          0        284
          32000.0000        140        144         36          0          0        284
          32100.0000        140        144         36          0          0        284
          32200.0000        140        144         36          0          0        284
          32300.0000        140        144         36          0          0        284
          32400.0000        140        144         36          0          0        284
          32500.0000        140        144         36          0          0        284
          32600.0000        140        144         36          0          0        284
          32700.0000        140        144         36          0          0        284
          32800.0000        140        144         36          0          0        284
          32900.0000        140        144         36          0          0        284
          33000.0000        140        144         36          0          0        284
          33100.0000        140        144         36          0          0        284
          33200.0000        140        144         36          0          0        284
          33300.0000        140        144         36          0          0        284
          33400.0000        140        144         36          0          0        284
          33500.0000        140        144         36          0          0        284
          33600.0000        140        144         36          0          0        284
          33700.0000        140        144         36          0          0        284
          33800.0000        140        144         36          0          0        284
          33900.0000        140        144         36          0          0        284
          34000.0000        140        144         36          0          0        284
          34100.0000        140        144         36          0          0        284
          34200.0000        140        144         36          0          0        284
          34300.0000        140        144         36          0          0        284
          34400.0000        140        144         36          0          0        284
          34500.0000        140        144         36          0          0        284
          34600.0000        140        144         36          0          0        284
          34700.0000        140        144         36          0          0        284
          34800.0000        140        144         36          0          0        284
          34900.0000        140        144         36          0          0        284
          35000.0000        140        144         36          0          0        284
          35100.0000        140        144         36          0          0        284
          35200.0000        140        144         36          0          0        284
          35300.0000        140        144         36          0          0        284
          35400.0000        140        144         36          0          0        284
          35500.0000        140        144         36          0          0        284
          35600.0000        140        144         36          0          0        284
          35700.0000        140        144         36          0          0        284
          35800.0000        140        144         36          0          0        284
          35900.0000        139        143         37          0          0        282
          36000.0000        139        143         37          0          0        282
          36100.0000        139        143         37          0          0        282
          36200.0000        139        143         37          0          0        282
          36300.0000        139        143         37          0          0        282
          36400.0000        139        143         37          0          0        282
          36500.0000        139        143         37          0          0        282
          36600.0000        139        143         37          0          0        282
          36700.0000        139        143         37          0          0        282
          36800.0000        139        143         37          0          0        282
          36900.0000        139        143         37          0          0        282
          37000.0000        139        143         37          0          0        282
          37100.0000        139        143         37          0          0        282
          37200.0000        139        143         37          0          0        282
          37300.0000        139        143         37          0          0        282
          37400.0000        139        143         37          0          0        282
          37500.0000        139        143         37          0          0        282
          37600.0000        139        143         37          0          0        282
          37700.0000        139        143         37          0          0        282
          37800.0000        139        143         37          0          0        282
          37900.0000        138        143         37          0          1        281
          38000.0000        138        143         37          0          1        281
          38100.0000        138        143         37          0          1        281
          38200.0000        138        143         37          0          1        281
          38300.0000        138        143         37          0          1        281
          38400.0000        138        143         37          0          1        281
          38500.0000        138        143         37          0          1        281
          38600.0000        138        143         37          0          1        281
          38700.0000        138        143         37          0          1        281
          38800.0000        138        143         37          0          1        281
          38900.0000        138        143         37          0          1        281
          39000.0000        137        142         38          0          1        279
          39100.0000        137        142         38          0          1        279
          39200.0000        137        142         38          0          1        279
          39300.0000        137        142         38          0          1        279
          39400.0000        137        142         38          0          1        279
          39500.0000        137        142         38          0          1        279
          39600.0000        137        142         38          0          1        279
          39700.0000        137        142         38          0          1        279
          39800.0000        137        142         38          0          1        279
          39900.0000        137        142         38          0          1        279
          40000.0000        137        142         38          0          1        279
          40100.0000        136        142         38          0          2        278
          40200.0000        136        142         38          0          2        278
          40300.0000        136        142         38          0          2        278
          40400.0000        136        142         38          0          2        278
          40500.0000        136        142         38          0          2        278
          40600.0000        136        142         38          0          2        278
          40700.0000        136        142         38          0          2        278
          40800.0000        136        142         38          0          2        278
          40900.0000        136        142         38          0          2        278
          41000.0000        136        142         38          0          2        278
          41100.0000        136        142         38          0          2        278
          41200.0000        136        142         38          0          2        278
          41300.0000        136        142         38          0          2        278
          41400.0000        135        142         38          0          3        277
          41500.0000        135        142         38          0          3        277
          41600.0000        135        142         38          0          3        277
          41700.0000        135        142         38          0          3        277
          41800.0000        135        142         38          0          3        277
          41900.0000        135        142         38          0          3        277
          42000.0000        135        142         38          0          3        277
          42100.0000        135        142         38          0          3        277
          42200.0000        135        142         38          0          3        277
          42300.0000        135        142         38          0          3        277
          42400.0000        135        142         38          0          3        277
          42500.0000        135        142         38          0          3        277
          42600.0000        135        142         38          0          3        277
          42700.0000        135        142         38          0          3        277
          42800.0000        135        142         38          0          3        277
          42900.0000        135        142         38          0          3        277
          43000.0000        135        142         38          0          3        277
          43100.0000        135        142         38          0          3        277
          43200.0000        135        142         38          0          3        277
          43300.0000        135        142         38          0          3        277
          43400.0000        135        142         38          0          3        277
          43500.0000        135        142         38          0          3        277
          43600.0000        135        142         38          0          3        277
          43700.0000        135        142         38          0          3        277
          43800.0000        135        142         38          0          3        277
          43900.0000        135        142         38          0          3        277
          44000.0000        135        142         38          0          3        277
          44100.0000        135        142         38          0          3        277
          44200.0000        135        142         38          0          3        277
          44300.0000        135        142         38          0          3        277
          44400.0000        135        142         38          0          3        277
          44500.0000        135        142         38          0          3        277
          44600.0000        135        142         38          0          3        277
          44700.0000        135        142         38          0          3        277
          44800.0000        135        142         38          0          3        277
          44900.0000        135        142         38          0          3        277
          45000.0000        135        142         38          0          3        277
          45100.0000        135        142         38          0          3        277
          45200.0000        135        142         38          0          3        277
          45300.0000        135        142         38          0          3        277
          45400.0000        135        142         38          0          3        277
          45500.0000        135        142         38          0          3        277
          45600.0000        135        142         38          0          3        277
          45700.0000        135        142         38          0          3        277
          45800.0000        135        142         38          0          3        277
          45900.0000        135        142         38          0          3        277
          46000.0000        135        142         38          0          3        277
          46100.0000        135        142         38          0          3        277
          46200.0000        135        142         38          0          3        277
          46300.0000        135        142         38          0          3        277
          46400.0000        135        142         38          0          3        277
          46500.0000        135        142         38          0          3        277
          46600.0000        135        142         38          0          3        277
          46700.0000        135        142         38          0          3        277
          46800.0000        135        142         38          0          3        277
          46900.0000        134        141         39          0          3        275
          47000.0000        134        141         39          0          3        275
          47100.0000        134        141         39          0          3        275
          47200.0000        134        141         39          0          3        275
          47300.0000        134        141         39          0          3        275
          47400.0000        134        141         39          0          3        275
          47500.0000        134        141         39          0          3        275
          47600.0000        134        141         39          0          3        275
          47700.0000        134        141         39          0          3        275
          47800.0000        134        141         39          0          3        275
          47900.0000        134        141         39          0          3        275
          48000.0000        134        141         39          0          3        275
          48100.0000        134        141         39          0          3        275
          48200.0000        134        141         39          0          3        275
          48300.0000        134        141         39          0          3        275
          48400.0000        134        141         39          0          3        275
          48500.0000        134        141         39          0          3        275
          48600.0000        134        141         39          0          3        275
          48700.0000        134        141         39          0          3        275
          48800.0000        134        141         39          0          3        275
          48900.0000        134        141         39          0          3        275
          49000.0000        134        141         39          0          3        275
          49100.0000        134        141         39          0          3        275
          49200.0000        134        141         39          0          3        275
          49300.0000        134        141         39          0          3        275
          49400.0000        133        140         40          0          3        273
          49500.0000        133        140         40          0          3        273
          49600.0000        133        140         40          0          3        273
          49700.0000        133        140         40          0          3        273
          49800.0000        133        140         40          0          3        273
          49900.0000        133        140         40          0          3        273
          50000.0000        133        140         40          0          3        273
          50100.0000        133        140         40          0          3        273
          50200.0000        133        140         40          0          3        273
          50300.0000        133        140         40          0          3        273
          50400.0000        133        140         40          0          3        273
          50500.0000        133        140         40          0          3        273
          50600.0000        133        140         40          0          3        273
          50700.0000        133        140         40          0          3        273
          50800.0000        133        140         40          0          3        273
          50900.0000        133        140         40          0          3        273
          51000.0000        133        140         40          0          3        273
          51100.0000        133        140         40          0          3        273
          51200.0000        133        140         40          0          3        273
          51300.0000        133        140         40          0          3        273
          51400.0000        133        140         40          0          3        273
          51500.0000        133        140         40          0          3        273
          51600.0000        133        140         40          0          3        273
          51700.0000        133        140         40          0          3        273
          51800.0000        132        139         41          0          3        271
          51900.0000        132        139         41          0          3        271
          52000.0000        132        139         41          0          3        271
          52100.0000        132        139         41          0          3        271
          52200.0000        132        139         41          0          3        271
          52300.0000        132        139         41          0          3        271
          52400.0000        132        139         41          0          3        271
          52500.0000        132        139         41          0          3        271
          52600.0000        132        139         41          0          3        271
          52700.0000        132        139         41          0          3        271
          52800.0000        132        139         41          0          3        271
          52900.0000        132        139         41          0          3        271
          53000.0000        132        139         41          0          3        271
          53100.0000        132        139         41          0          3        271
          53200.0000        132        139         41          0          3        271
          53300.0000        132        139         41          0          3        271
          53400.0000        132        139         41          0          3        271
          53500.0000        132        139         41          0          3        271
          53600.0000        132        139         41          0          3        271
          53700.0000        132        139         41          0          3        271
          53800.0000        132        139         41          0          3        271
          53900.0000        132        139         41          0          3        271
          54000.0000        132        139         41          0          3        271
          54100.0000        132        139         41          0          3        271
          54200.0000        132        139         41          0          3        271
          54300.0000        132        139         41          0          3        271
          54400.0000        132        139         41          0          3        271
          54500.0000        132        139         41          0          3        271
          54600.0000        132        139         41          0          3        271
          54700.0000        132        139         41          0          3        271
          54800.0000        132        139         41          0          3        271
          54900.0000        132        139         41          0          3        271
          55000.0000        132        139         41          0          3        271
          55100.0000        132        139         41          0          3        271
          55200.0000        132        139         41          0          3        271
          55300.0000        132        139         41          0          3        271
          55400.0000        132        139         41          0          3        271
          55500.0000        132        139         41          0          3        271
          55600.0000        132        139         41          0          3        271
          55700.0000        132        139         41          0          3        271
          55800.0000        132        139         41          0          3        271
          55900.0000        132        139         41          0          3        271
          56000.0000        132        139         41          0          3        271
          56100.0000        132        139         41          0          3        271
          56200.0000        132        139         41          0          3        271
          56300.0000        132        139         41          0          3        271
          56400.0000        132        139         41          0          3        271
          56500.0000        132        139         41          0          3        271
          56600.0000        132        139         41          0          3        271
          56700.0000        132        139         41          0          3        271
          56800.0000        132        139         41          0          3        271
          56900.0000        132        139         41          0          3        271
          57000.0000        132        139         41          0          3        271
          57100.0000        132        139         41          0          3        271
          57200.0000        132        139         41          0          3        271
          57300.0000        132        139         41          0          3        271
          57400.0000        132        139         41          0          3        271
          57500.0000        132        139         41          0          3        271
          57600.0000        132        139         41          0          3        271
          57700.0000        132        139         41          0          3        271
          57800.0000        132        139         41          0          3        271
          57900.0000        132        139         41          0          3        271
          58000.0000        132        139         41          0          3        271
          58100.0000        132        139         41          0          3        271
          58200.0000        132        139         41          0          3        271
          58300.0000        132        139         41          0          3        271
          58400.0000        132        139         41          0          3        271
          58500.0000        132        139         41          0          3        271
          58600.0000        132        139         41          0          3        271
          58700.0000        132        139         41          0          3        271
          58800.0000        132        139         41          0          3        271
          58900.0000        132        139         41          0          3        271
          59000.0000        132        139         41          0          3        271
          59100.0000        132        139         41          0          3        271
          59200.0000        132        139         41          0          3        271
          59300.0000        132        139         41          0          3        271
          59400.0000        132        139         41          0          3        271
          59500.0000        132        139         41          0          3        271
          59600.0000        132        139         41          0          3        271
          59700.0000        132        139         41          0          3        271
          59800.0000        131        138         42          0          3        269
          59900.0000        131        138         42          0          3        269
          60000.0000        131        138         42          0          3        269
          60100.0000        131        138         42          0          3        269
          60200.0000        131        138         42          0          3        269
          60300.0000        131        138         42          0          3        269
          60400.0000        131        138         42          0          3        269
          60500.0000        131        138         42          0          3        269
          60600.0000        131        138         42          0          3        269
          60700.0000        131        138         42          0          3        269
          60800.0000        131        138         42          0          3        269
          60900.0000        131        138         42          0          3        269
          61000.0000        131        138         42          0          3        269
          61100.0000        131        138         42          0          3        269
          61200.0000        131        138         42          0          3        269
          61300.0000        131        138         42          0          3        269
          61400.0000        131        138         42          0          3        269
          61500.0000        131        138         42          0          3        269
          61600.0000        131        138         42          0          3        269
          61700.0000        131        138         42          0          3        269
          61800.0000        131        138         42          0          3        269
          61900.0000        131        138         42          0          3        269
          62000.0000        130        138         42          0          4        268
          62100.0000        130        138         42          0          4        268
          62200.0000        130        138         42          0          4        268
          62300.0000        130        138         42          0          4        268
          62400.0000        130        138         42          0          4        268
          62500.0000        130        138         42          0          4        268
          62600.0000        130        138         42          0          4        268
          62700.0000        130        138         42          0          4        268
          62800.0000        130        138         42          0          4        268
          62900.0000        130        138         42          0          4        268
          63000.0000        130        138         42          0          4        268
          63100.0000        130        138         42          0          4        268
          63200.0000        130        138         42          0          4        268
          63300.0000        130        138         42          0          4        268
          63400.0000        130        138         42          0          4        268
          63500.0000        130        138         42          0          4        268
          63600.0000        130        138         42          0          4        268
          63700.0000        130        138         42          0          4        268
          63800.0000        130        138         42          0          4        268
          63900.0000        130        138         42          0          4        268
          64000.0000        130        138         42          0          4        268
          64100.0000        130        138         42          0          4        268
          64200.0000        130        138         42          0          4        268
          64300.0000        130        138         42          0          4        268
          64400.0000        130        138         42          0          4        268
          64500.0000        130        138         42          0          4        268
          64600.0000        130        138         42          0          4        268
          64700.0000        130        138         42          0          4        268
          64800.0000        130        138         42          0          4        268
          64900.0000        130        138         42          0          4        268
          65000.0000        130        138         42          0          4        268
          65100.0000        130        138         42          0          4        268
          65200.0000        130        138         42          0          4        268
          65300.0000        130        138         42          0          4        268
          65400.0000        130        138         42          0          4        268
          65500.0000        130        138         42          0          4        268
          65600.0000        130        138         42          0          4        268
          65700.0000        130        138         42          0          4        268
          65800.0000        130        138         42          0          4        268
          65900.0000        130        138         42          0          4        268
          66000.0000        130        138         42          0          4        268
          66100.0000        130        138         42          0          4        268
          66200.0000        130        138         42          0          4        268
          66300.0000        130        138         42          0          4        268
          66400.0000        130        138         42          0          4        268
          66500.0000        130        138         42          0          4        268
          66600.0000        130        138         42          0          4        268
          66700.0000        130        138         42          0          4        268
          66800.0000        130        138         42          0          4        268
          66900.0000        130        138         42          0          4        268
          67000.0000        130        138         42          0          4        268
          67100.0000        130        138         42          0          4        268
          67200.0000        130        138         42          0          4        268
          67300.0000        130        138         42          0          4        268
          67400.0000        130        138         42          0          4        268
          67500.0000        130        138         42          0          4        268
          67600.0000        130        138         42          0          4        268
          67700.0000        130        138         42          0          4        268
          67800.0000        130        138         42          0          4        268
          67900.0000        130        138         42          0          4        268
          68000.0000        130        138         42          0          4        268
          68100.0000        130        138         42          0          4        268
          68200.0000        130        138         42          0          4        268
          68300.0000        130        138         42          0          4        268
          68400.0000        129        137         43          0          4        266
          68500.0000        129        137         43          0          4        266
          68600.0000        129        137         43          0          4        266
          68700.0000        129        137         43          0          4        266
          68800.0000        129        137         43          0          4        266
          68900.0000        129        137         43          0          4        266
          69000.0000        129        137         43          0          4        266
          69100.0000        129        137         43          0          4        266
          69200.0000        129        137         43          0          4        266
          69300.0000        129        137         43          0          4        266
          69400.0000        129        137         43          0          4        266
          69500.0000        129        137         43          0          4        266
          69600.0000        129        137         43          0          4        266
          69700.0000        129        137         43          0          4        266
          69800.0000        129        137         43          0          4        266
          69900.0000        129        137         43          0          4        266
          70000.0000        129        137         43          0          4        266
          70100.0000        129        137         43          0          4        266
          70200.0000        129        137         43          0          4        266
          70300.0000        129        137         43          0          4        266
          70400.0000        129        137         43          0          4        266
          70500.0000        129        137         43          0          4        266
          70600.0000        129        137         43          0          4        266
          70700.0000        129        137         43          0          4        266
          70800.0000        129        137         43          0          4        266
          70900.0000        129        137         43          0          4        266
          71000.0000        129        137         43          0          4        266
          71100.0000        129        137         43          0          4        266
          71200.0000        129        137         43          0          4        266
          71300.0000        129        137         43          0          4        266
          71400.0000        128        136         44          0          4        264
          71500.0000        128        136         44          0          4        264
          71600.0000        128        136         44          0          4        264
          71700.0000        128        136         44          0          4        264
          71800.0000        128        136         44          0          4        264
          71900.0000        128        136         44          0          4        264
          72000.0000        128        136         44          0          4        264
          72100.0000        128        136         44          0          4        264
          72200.0000        128        136         44          0          4        264
          72300.0000        128        136         44          0          4        264
          72400.0000        128        136         44          0          4        264
          72500.0000        128        136         44          0          4        264
          72600.0000        128        136         44          0          4        264
          72700.0000        128        136         44          0          4        264
          72800.0000        127        135         45          0          4        262
          72900.0000        127        135         45          0          4        262
          73000.0000        127        135         45          0          4        262
          73100.0000        127        135         45          0          4        262
          73200.0000        127        135         45          0          4        262
          73300.0000        127        135         45          0          4        262
          73400.0000        127        135         45          0          4        262
          73500.0000        127        135         45          0          4        262
          73600.0000        127        135         45          0          4        262
          73700.0000        127        135         45          0          4        262
          73800.0000        127        135         45          0          4        262
          73900.0000        127        135         45          0          4        262
          74000.0000        127        135         45          0          4        262
          74100.0000        127        135         45          0          4        262
          74200.0000        127        135         45          0          4        262
          74300.0000        127        135         45          0          4        262
          74400.0000        127        135         45          0          4        262
          74500.0000        127        135         45          0          4        262
          74600.0000        127        135         45          0          4        262
          74700.0000        127        135         45          0          4        262
          74800.0000        127        135         45          0          4        262
          74900.0000        127        135         45          0          4        262
          75000.0000        127        135         45          0          4        262
          75100.0000        127        135         45          0          4        262
          75200.0000        127        135         45          0          4        262
          75300.0000        127        135         45          0          4        262
          75400.0000        127        135         45          0          4        262
          75500.0000        127        135         45          0          4        262
          75600.0000        127        135         45          0          4        262
          75700.0000        127        135         45          0          4        262
          75800.0000        127        135         45          0          4        262
          75900.0000        127        135         45          0          4        262
          76000.0000        127        135         45          0          4        262
          76100.0000        127        135         45          0          4        262
          76200.0000        127        135         45          0          4        262
          76300.0000        127        135         45          0          4        262
          76400.0000        127        135         45          0          4        262
          76500.0000        127        135         45          0          4        262
          76600.0000        127        135         45          0          4        262
          76700.0000        127        135         45          0          4        262
          76800.0000        127        135         45          0          4        262
          76900.0000        127        135         45          0          4        262
          77000.0000        127        135         45          0          4        262
          77100.0000        127        135         45          0          4        262
          77200.0000        127        135         45          0          4        262
          77300.0000        127        135         45          0          4        262
          77400.0000        127        135         45          0          4        262
          77500.0000        127        135         45          0          4        262
          77600.0000        127        135         45          0          4        262
          77700.0000        127        135         45          0          4        262
          77800.0000        127        135         45          0          4        262
          77900.0000        127        135         45          0          4        262
          78000.0000        127        135         45          0          4        262
          78100.0000        127        135         45          0          4        262
          78200.0000        127        135         45          0          4        262
          78300.0000        127        135         45          0          4        262
          78400.0000        127        135         45          0          4        262
          78500.0000        127        135         45          0          4        262
          78600.0000        127        135         45          0          4        262
          78700.0000        127        135         45          0          4        262
          78800.0000        127        135         45          0          4        262
          78900.0000        127        135         45          0          4        262
          79000.0000        127        135         45          0          4        262
          79100.0000        127        135         45          0          4        262
          79200.0000        127        135         45          0          4        262
          79300.0000        127        135         45          0          4        262
          79400.0000        127        135         45          0          4        262
          79500.0000        127        135         45          0          4        262
          79600.0000        127        135         45          0          4        262
          79700.0000        127        135         45          0          4        262
          79800.0000        127        135         45          0          4        262
          79900.0000        127        135         45          0          4        262
          80000.0000        127        135         45          0          4        262
          80100.0000        127        135         45          0          4        262
          80200.0000        127        135         45          0          4        262
          80300.0000        127        135         45          0          4        262
          80400.0000        127        135         45          0          4        262
          80500.0000        127        135         45          0          4        262
          80600.0000        127        135         45          0          4        262
          80700.0000        127        135         45          0          4        262
          80800.0000        127        135         45          0          4        262
          80900.0000        127        135         45          0          4        262
          81000.0000        127        135         45          0          4        262
          81100.0000        127        135         45          0          4        262
          81200.0000        127        135         45          0          4        262
          81300.0000        127        135         45          0          4        262
          81400.0000        127        135         45          0          4        262
          81500.0000        127        135         45          0          4        262
          81600.0000        127        135         45          0          4        262
          81700.0000        127        135         45          0          4        262
          81800.0000        127        135         45          0          4        262
          81900.0000        127        135         45          0          4        262
          82000.0000        127        135         45          0          4        262
          82100.0000        127        135         45          0          4        262
          82200.0000        127        135         45          0          4        262
          82300.0000        127        135         45          0          4        262
          82400.0000        127        135         45          0          4        262
          82500.0000        127        135         45          0          4        262
          82600.0000        127        135         45          0          4        262
          82700.0000        127        135         45          0          4        262
          82800.0000        127        135         45          0          4        262
          82900.0000        127        135         45          0          4        262
          83000.0000        127        135         45          0          4        262
          83100.0000        127        135         45          0          4        262
          83200.0000        127        135         45          0          4        262
          83300.0000        127        135         45          0          4        262
          83400.0000        127        135         45          0          4        262
          83500.0000        127        135         45          0          4        262
          83600.0000        127        135         45          0          4        262
          83700.0000        127        135         45          0          4        262
          83800.0000        127        135         45          0          4        262
          83900.0000        127        135         45          0          4        262
          84000.0000        127        135         45          0          4        262
          84100.0000        127        135         45          0          4        262
          84200.0000        127        135         45          0          4        262
          84300.0000        127        135         45          0          4        262
          84400.0000        127        135         45          0          4        262
          84500.0000        127        135         45          0          4        262
          84600.0000        127        135         45          0          4        262
          84700.0000        127        135         45          0          4        262
          84800.0000        127        135         45          0          4        262
          84900.0000        127        135         45          0          4        262
          85000.0000        127        135         45          0          4        262
          85100.0000        127        135         45          0          4        262
          85200.0000        127        135         45          0          4        262
          85300.0000        127        135         45          0          4        262
          85400.0000        126        134         46          0          4        260
          85500.0000        126        134         46          0          4        260
          85600.0000        126        134         46          0          4        260
          85700.0000        126        134         46          0          4        260
          85800.0000        126        134         46          0          4        260
          85900.0000        126        134         46          0          4        260
          86000.0000        126        134         46          0          4        260
          86100.0000        126        134         46          0          4        260
          86200.0000        126        134         46          0          4        260
          86300.0000        126        134         46          0          4        260
          86400.0000        126        134         46          0          4        260
          86500.0000        126        134         46          0          4        260
          86600.0000        126        134         46          0          4        260
          86700.0000        126        134         46          0          4        260
          86800.0000        126        134         46          0          4        260
          86900.0000        126        134         46          0          4        260
          87000.0000        126        134         46          0          4        260
          87100.0000        126        134         46          0          4        260
          87200.0000        126        134         46          0          4        260
          87300.0000        126        134         46          0          4        260
          87400.0000        126        134         46          0          4        260
          87500.0000        126        134         46          0          4        260
          87600.0000        126        134         46          0          4        260
          87700.0000        126        134         46          0          4        260
          87800.0000        126        134         46          0          4        260
          87900.0000        126        134         46          0          4        260
          88000.0000        126        134         46          0          4        260
          88100.0000        126        134         46          0          4        260
          88200.0000        126        134         46          0          4        260
          88300.0000        126        134         46          0          4        260
          88400.0000        125        133         47          0          4        258
          88500.0000        125        133         47          0          4        258
          88600.0000        125        133         47          0          4        258
          88700.0000        124        132         48          0          4        256
          88800.0000        124        132         48          0          4        256
          88900.0000        124        132         48          0          4        256
          89000.0000        124        132         48          0          4        256
          89100.0000        124        132         48          0          4        256
          89200.0000        124        132         48          0          4        256
          89300.0000        124        132         48          0          4        256
          89400.0000        124        132         48          0          4        256
          89500.0000        124        132         48          0          4        256
          89600.0000        124        132         48          0          4        256
          89700.0000        124        132         48          0          4        256
          89800.0000        124        132         48          0          4        256
          89900.0000        124        132         48          0          4        256
          90000.0000        124        132         48          0          4        256
          90100.0000        124        132         48          0          4        256
          90200.0000        124        132         48          0          4        256
          90300.0000        124        132         48          0          4        256
          90400.0000        124        132         48          0          4        256
          90500.0000        124        132         48          0          4        256
          90600.0000        124        132         48          0          4        256
          90700.0000        124        132         48          0          4        256
          90800.0000        124        132         48          0          4        256
          90900.0000        124        132         48          0          4        256
          91000.0000        123        131         49          0          4        254
          91100.0000        123        131         49          0          4        254
          91200.0000        123        131         49          0          4        254
          91300.0000        123        131         49          0          4        254
          91400.0000        123        131         49          0          4        254
          91500.0000        123        131         49          0          4        254
          91600.0000        123        131         49          0          4        254
          91700.0000        123        131         49          0          4        254
          91800.0000        123        131         49          0          4        254
          91900.0000        123        131         49          0          4        254
          92000.0000        123        131         49          0          4        254
          92100.0000        123        131         49          0          4        254
          92200.0000        123        131         49          0          4        254
          92300.0000        123        131         49          0          4        254
          92400.0000        123        131         49          0          4        254
          92500.0000        123        131         49          0          4        254
          92600.0000        123        131         49          0          4        254
          92700.0000        123        131         49          0          4        254
          92800.0000        123        131         49          0          4        254
          92900.0000        123        131         49          0          4        254
          93000.0000        123        131         49          0          4        254
          93100.0000        123        131         49          0          4        254
          93200.0000        123        131         49          0          4        254
          93300.0000        123        131         49          0          4        254
          93400.0000        123        131         49          0          4        254
          93500.0000        123        131         49          0          4        254
          93600.0000        123        131         49          0          4        254
          93700.0000        123        131         49          0          4        254
          93800.0000        123        131         49          0          4        254
          93900.0000        123        131         49          0          4        254
          94000.0000        123        131         49          0          4        254
          94100.0000        123        131         49          0          4        254
          94200.0000        123        131         49          0          4        254
          94300.0000        123        131         49          0          4        254
          94400.0000        123        131         49          0          4        254
          94500.0000        123        131         49          0          4        254
          94600.0000        123        131         49          0          4        254
          94700.0000        123        131         49          0          4        254
          94800.0000        123        131         49          0          4        254
          94900.0000        123        131         49          0          4        254
          95000.0000        123        131         49          0          4        254
          95100.0000        123        131         49          0          4        254
          95200.0000        123        131         49          0          4        254
          95300.0000        123        131         49          0          4        254
          95400.0000        123        131         49          0          4        254
          95500.0000        123        131         49          0          4        254
          95600.0000        123        131         49          0          4        254
          95700.0000        123        131         49          0          4        254
          95800.0000        123        131         49          0          4        254
          95900.0000        123        131         49          0          4        254
          96000.0000        123        131         49          0          4        254
          96100.0000        123        131         49          0          4        254
          96200.0000        123        131         49          0          4        254
          96300.0000        123        131         49          0          4        254
          96400.0000        123        131         49          0          4        254
          96500.0000        123        131         49          0          4        254
          96600.0000        123        131         49          0          4        254
          96700.0000        123        131         49          0          4        254
          96800.0000        123        131         49          0          4        254
          96900.0000        123        131         49          0          4        254
          97000.0000        123        131         49          0          4        254
          97100.0000        123        131         49          0          4        254
          97200.0000        123        131         49          0          4        254
          97300.0000        123        131         49          0          4        254
          97400.0000        123        131         49          0          4        254
          97500.0000        123        131         49          0          4        254
          97600.0000        123        131         49          0          4        254
          97700.0000        123        131         49          0          4        254
          97800.0000        123        131         49          0          4        254
          97900.0000        123        131         49          0          4        254
          98000.0000        123        131         49          0          4        254
          98100.0000        123        131         49          0          4        254
          98200.0000        123        131         49          0          4        254
          98300.0000        123        131         49          0          4        254
          98400.0000        123        131         49          0          4        254
          98500.0000        123        131         49          0          4        254
          98600.0000        123        131         49          0          4        254
          98700.0000        123        131         49          0          4        254
          98800.0000        123        131         49          0          4        254
          98900.0000        123        131         49          0          4        254
          99000.0000        123        131         49          0          4        254
          99100.0000        123        131         49          0          4        254
          99200.0000        123        131         49          0          4        254
          99300.0000        123        131         49          0          4        254
          99400.0000        123        131         49          0          4        254
          99500.0000        123        131         49          0          4        254
          99600.0000        123        131         49          0          4        254
          99700.0000        123        131         49          0          4        254
          99800.0000        123        131         49          0          4        254
          99900.0000        123        131         49          0          4        254
