                Time  Interstls  Vacancies   Recmbtns   VcncySfc   IntlnSfc  defects
              0.0000        163        163         13          0          0        326
              1.0000        163        163         13          0          0        326
              2.0000        163        163         13          0          0        326
              3.0000        163        163         13          0          0        326
              4.0000        163        163         13          0          0        326
              5.0000        163        163         13          0          0        326
              6.0000        163        163         13          0          0        326
              7.0000        163        163         13          0          0        326
              8.0000        163        163         13          0          0        326
              9.0000        163        163         13          0          0        326
             10.0000        163        163         13          0          0        326
             11.0000        163        163         13          0          0        326
             12.0000        163        163         13          0          0        326
             13.0000        163        163         13          0          0        326
             14.0000        163        163         13          0          0        326
             15.0000        162        162         14          0          0        324
             16.0000        162        162         14          0          0        324
             17.0000        162        162         14          0          0        324
             18.0000        162        162         14          0          0        324
             19.0000        162        162         14          0          0        324
             20.0000        162        162         14          0          0        324
             21.0000        162        162         14          0          0        324
             22.0000        162        162         14          0          0        324
             23.0000        162        162         14          0          0        324
             24.0000        162        162         14          0          0        324
             25.0000        162        162         14          0          0        324
             26.0000        162        162         14          0          0        324
             27.0000        162        162         14          0          0        324
             28.0000        162        162         14          0          0        324
             29.0000        162        162         14          0          0        324
             30.0000        162        162         14          0          0        324
             31.0000        162        162         14          0          0        324
             32.0000        162        162         14          0          0        324
             33.0000        162        162         14          0          0        324
             34.0000        162        162         14          0          0        324
             35.0000        162        162         14          0          0        324
             36.0000        162        162         14          0          0        324
             37.0000        162        162         14          0          0        324
             38.0000        162        162         14          0          0        324
             39.0000        162        162         14          0          0        324
             40.0000        162        162         14          0          0        324
             41.0000        162        162         14          0          0        324
             42.0000        162        162         14          0          0        324
             43.0000        162        162         14          0          0        324
             44.0000        162        162         14          0          0        324
             45.0000        162        162         14          0          0        324
             46.0000        162        162         14          0          0        324
             47.0000        162        162         14          0          0        324
             48.0000        162        162         14          0          0        324
             49.0000        162        162         14          0          0        324
             50.0000        162        162         14          0          0        324
             51.0000        162        162         14          0          0        324
             52.0000        161        161         15          0          0        322
             53.0000        161        161         15          0          0        322
             54.0000        161        161         15          0          0        322
             55.0000        161        161         15          0          0        322
             56.0000        161        161         15          0          0        322
             57.0000        161        161         15          0          0        322
             58.0000        161        161         15          0          0        322
             59.0000        161        161         15          0          0        322
             60.0000        161        161         15          0          0        322
             61.0000        161        161         15          0          0        322
             62.0000        161        161         15          0          0        322
             63.0000        161        161         15          0          0        322
             64.0000        161        161         15          0          0        322
             65.0000        161        161         15          0          0        322
             66.0000        161        161         15          0          0        322
             67.0000        161        161         15          0          0        322
             68.0000        161        161         15          0          0        322
             69.0000        161        161         15          0          0        322
             70.0000        161        161         15          0          0        322
             71.0000        161        161         15          0          0        322
             72.0000        161        161         15          0          0        322
             73.0000        160        160         16          0          0        320
             74.0000        160        160         16          0          0        320
             75.0000        160        160         16          0          0        320
             76.0000        160        160         16          0          0        320
             77.0000        160        160         16          0          0        320
             78.0000        160        160         16          0          0        320
             79.0000        160        160         16          0          0        320
             80.0000        160        160         16          0          0        320
             81.0000        160        160         16          0          0        320
             82.0000        160        160         16          0          0        320
             83.0000        160        160         16          0          0        320
             84.0000        160        160         16          0          0        320
             85.0000        160        160         16          0          0        320
             86.0000        160        160         16          0          0        320
             87.0000        160        160         16          0          0        320
             88.0000        160        160         16          0          0        320
             89.0000        160        160         16          0          0        320
             90.0000        160        160         16          0          0        320
             91.0000        160        160         16          0          0        320
             92.0000        160        160         16          0          0        320
             93.0000        160        160         16          0          0        320
             94.0000        160        160         16          0          0        320
             95.0000        160        160         16          0          0        320
             96.0000        160        160         16          0          0        320
             97.0000        160        160         16          0          0        320
             98.0000        160        160         16          0          0        320
             99.0000        160        160         16          0          0        320
            100.0000        160        160         16          0          0        320
            110.0000        160        160         16          0          0        320
            120.0000        160        160         16          0          0        320
            130.0000        160        160         16          0          0        320
            140.0000        160        160         16          0          0        320
            150.0000        159        159         17          0          0        318
            160.0000        159        159         17          0          0        318
            170.0000        158        158         18          0          0        316
            180.0000        158        158         18          0          0        316
            190.0000        158        158         18          0          0        316
            200.0000        158        158         18          0          0        316
            210.0000        157        157         19          0          0        314
            220.0000        156        156         20          0          0        312
            230.0000        155        155         21          0          0        310
            240.0000        155        155         21          0          0        310
            250.0000        155        155         21          0          0        310
            260.0000        153        153         23          0          0        306
            270.0000        153        153         23          0          0        306
            280.0000        152        152         24          0          0        304
            290.0000        152        152         24          0          0        304
            300.0000        151        151         25          0          0        302
            310.0000        149        149         27          0          0        298
            320.0000        149        149         27          0          0        298
            330.0000        148        148         28          0          0        296
            340.0000        148        148         28          0          0        296
            350.0000        148        148         28          0          0        296
            360.0000        147        147         29          0          0        294
            370.0000        147        147         29          0          0        294
            380.0000        146        146         30          0          0        292
            390.0000        146        146         30          0          0        292
            400.0000        146        146         30          0          0        292
            410.0000        146        146         30          0          0        292
            420.0000        145        145         31          0          0        290
            430.0000        143        143         33          0          0        286
            440.0000        142        142         34          0          0        284
            450.0000        142        142         34          0          0        284
            460.0000        141        141         35          0          0        282
            470.0000        141        141         35          0          0        282
            480.0000        141        141         35          0          0        282
            490.0000        141        141         35          0          0        282
            500.0000        139        139         37          0          0        278
            510.0000        139        139         37          0          0        278
            520.0000        138        138         38          0          0        276
            530.0000        138        138         38          0          0        276
            540.0000        138        138         38          0          0        276
            550.0000        138        138         38          0          0        276
            560.0000        138        138         38          0          0        276
            570.0000        137        137         39          0          0        274
            580.0000        136        136         40          0          0        272
            590.0000        135        135         41          0          0        270
            600.0000        135        135         41          0          0        270
            610.0000        134        134         42          0          0        268
            620.0000        134        134         42          0          0        268
            630.0000        134        134         42          0          0        268
            640.0000        133        133         43          0          0        266
            650.0000        132        132         44          0          0        264
            660.0000        131        131         45          0          0        262
            670.0000        131        131         45          0          0        262
            680.0000        130        130         46          0          0        260
            690.0000        130        130         46          0          0        260
            700.0000        130        130         46          0          0        260
            710.0000        129        129         47          0          0        258
            720.0000        129        129         47          0          0        258
            730.0000        129        129         47          0          0        258
            740.0000        128        128         48          0          0        256
            750.0000        128        128         48          0          0        256
            760.0000        128        128         48          0          0        256
            770.0000        128        128         48          0          0        256
            780.0000        126        126         50          0          0        252
            790.0000        125        125         51          0          0        250
            800.0000        124        124         52          0          0        248
            810.0000        124        124         52          0          0        248
            820.0000        123        123         53          0          0        246
            830.0000        122        122         54          0          0        244
            840.0000        122        122         54          0          0        244
            850.0000        122        122         54          0          0        244
            860.0000        122        122         54          0          0        244
            870.0000        122        122         54          0          0        244
            880.0000        122        122         54          0          0        244
            890.0000        120        120         56          0          0        240
            900.0000        119        119         57          0          0        238
            910.0000        119        119         57          0          0        238
            920.0000        117        117         59          0          0        234
            930.0000        117        117         59          0          0        234
            940.0000        117        117         59          0          0        234
            950.0000        117        117         59          0          0        234
            960.0000        116        116         60          0          0        232
            970.0000        116        116         60          0          0        232
            980.0000        115        115         61          0          0        230
            990.0000        115        115         61          0          0        230
           1000.0000        115        115         61          0          0        230
           1100.0000        114        114         62          0          0        228
           1200.0000        112        112         64          0          0        224
           1300.0000        106        106         70          0          0        212
           1400.0000        102        102         74          0          0        204
           1500.0000        101        101         75          0          0        202
           1600.0000        100        100         76          0          0        200
           1700.0000         97         97         79          0          0        194
           1800.0000         96         96         80          0          0        192
           1900.0000         95         95         81          0          0        190
           2000.0000         94         94         82          0          0        188
           2100.0000         93         93         83          0          0        186
           2200.0000         91         91         85          0          0        182
           2300.0000         91         91         85          0          0        182
           2400.0000         90         90         86          0          0        180
           2500.0000         89         89         87          0          0        178
           2600.0000         88         88         88          0          0        176
           2700.0000         87         87         89          0          0        174
           2800.0000         86         86         90          0          0        172
           2900.0000         86         86         90          0          0        172
           3000.0000         84         84         92          0          0        168
           3100.0000         84         84         92          0          0        168
           3200.0000         84         84         92          0          0        168
           3300.0000         84         84         92          0          0        168
           3400.0000         84         84         92          0          0        168
           3500.0000         83         83         93          0          0        166
           3600.0000         82         82         94          0          0        164
           3700.0000         82         82         94          0          0        164
           3800.0000         82         82         94          0          0        164
           3900.0000         82         82         94          0          0        164
           4000.0000         82         82         94          0          0        164
           4100.0000         82         82         94          0          0        164
           4200.0000         82         82         94          0          0        164
           4300.0000         82         82         94          0          0        164
           4400.0000         81         81         95          0          0        162
           4500.0000         81         81         95          0          0        162
           4600.0000         81         81         95          0          0        162
           4700.0000         81         81         95          0          0        162
           4800.0000         81         81         95          0          0        162
           4900.0000         81         81         95          0          0        162
           5000.0000         81         81         95          0          0        162
           5100.0000         79         79         97          0          0        158
           5200.0000         79         79         97          0          0        158
           5300.0000         79         79         97          0          0        158
           5400.0000         79         79         97          0          0        158
           5500.0000         78         78         98          0          0        156
           5600.0000         78         78         98          0          0        156
           5700.0000         77         77         99          0          0        154
           5800.0000         77         77         99          0          0        154
           5900.0000         77         77         99          0          0        154
           6000.0000         77         77         99          0          0        154
           6100.0000         77         77         99          0          0        154
           6200.0000         76         76        100          0          0        152
           6300.0000         76         76        100          0          0        152
           6400.0000         75         75        101          0          0        150
           6500.0000         75         75        101          0          0        150
           6600.0000         75         75        101          0          0        150
           6700.0000         75         75        101          0          0        150
           6800.0000         75         75        101          0          0        150
           6900.0000         75         75        101          0          0        150
           7000.0000         75         75        101          0          0        150
           7100.0000         75         75        101          0          0        150
           7200.0000         75         75        101          0          0        150
           7300.0000         75         75        101          0          0        150
           7400.0000         75         75        101          0          0        150
           7500.0000         75         75        101          0          0        150
           7600.0000         75         75        101          0          0        150
           7700.0000         74         74        102          0          0        148
           7800.0000         74         74        102          0          0        148
           7900.0000         74         74        102          0          0        148
           8000.0000         73         73        103          0          0        146
           8100.0000         72         72        104          0          0        144
           8200.0000         72         72        104          0          0        144
           8300.0000         71         71        105          0          0        142
           8400.0000         71         71        105          0          0        142
           8500.0000         71         71        105          0          0        142
           8600.0000         71         71        105          0          0        142
           8700.0000         71         71        105          0          0        142
           8800.0000         71         71        105          0          0        142
           8900.0000         71         71        105          0          0        142
           9000.0000         70         70        106          0          0        140
           9100.0000         70         70        106          0          0        140
           9200.0000         70         70        106          0          0        140
           9300.0000         70         70        106          0          0        140
           9400.0000         70         70        106          0          0        140
           9500.0000         70         70        106          0          0        140
           9600.0000         70         70        106          0          0        140
           9700.0000         70         70        106          0          0        140
           9800.0000         70         70        106          0          0        140
           9900.0000         70         70        106          0          0        140
          10000.0000         70         70        106          0          0        140
          10100.0000         70         70        106          0          0        140
          10200.0000         70         70        106          0          0        140
          10300.0000         70         70        106          0          0        140
          10400.0000         70         70        106          0          0        140
          10500.0000         70         70        106          0          0        140
          10600.0000         70         70        106          0          0        140
          10700.0000         70         70        106          0          0        140
          10800.0000         70         70        106          0          0        140
          10900.0000         70         70        106          0          0        140
          11000.0000         70         70        106          0          0        140
          11100.0000         70         70        106          0          0        140
          11200.0000         70         70        106          0          0        140
          11300.0000         70         70        106          0          0        140
          11400.0000         70         70        106          0          0        140
          11500.0000         70         70        106          0          0        140
          11600.0000         70         70        106          0          0        140
          11700.0000         70         70        106          0          0        140
          11800.0000         70         70        106          0          0        140
          11900.0000         70         70        106          0          0        140
          12000.0000         69         69        107          0          0        138
          12100.0000         69         69        107          0          0        138
          12200.0000         69         69        107          0          0        138
          12300.0000         69         69        107          0          0        138
          12400.0000         69         69        107          0          0        138
          12500.0000         69         69        107          0          0        138
          12600.0000         69         69        107          0          0        138
          12700.0000         69         69        107          0          0        138
          12800.0000         69         69        107          0          0        138
          12900.0000         69         69        107          0          0        138
          13000.0000         69         69        107          0          0        138
          13100.0000         69         69        107          0          0        138
          13200.0000         68         68        108          0          0        136
          13300.0000         68         68        108          0          0        136
          13400.0000         68         68        108          0          0        136
          13500.0000         68         68        108          0          0        136
          13600.0000         68         68        108          0          0        136
          13700.0000         68         68        108          0          0        136
          13800.0000         68         68        108          0          0        136
          13900.0000         68         68        108          0          0        136
          14000.0000         68         68        108          0          0        136
          14100.0000         68         68        108          0          0        136
          14200.0000         68         68        108          0          0        136
          14300.0000         67         67        109          0          0        134
          14400.0000         67         67        109          0          0        134
          14500.0000         67         67        109          0          0        134
          14600.0000         67         67        109          0          0        134
          14700.0000         67         67        109          0          0        134
          14800.0000         67         67        109          0          0        134
          14900.0000         66         66        110          0          0        132
          15000.0000         66         66        110          0          0        132
          15100.0000         66         66        110          0          0        132
          15200.0000         66         66        110          0          0        132
          15300.0000         66         66        110          0          0        132
          15400.0000         66         66        110          0          0        132
          15500.0000         66         66        110          0          0        132
          15600.0000         66         66        110          0          0        132
          15700.0000         65         65        111          0          0        130
          15800.0000         65         65        111          0          0        130
          15900.0000         65         65        111          0          0        130
          16000.0000         64         64        112          0          0        128
          16100.0000         64         64        112          0          0        128
          16200.0000         64         64        112          0          0        128
          16300.0000         64         64        112          0          0        128
          16400.0000         64         64        112          0          0        128
          16500.0000         64         64        112          0          0        128
          16600.0000         64         64        112          0          0        128
          16700.0000         64         64        112          0          0        128
          16800.0000         64         64        112          0          0        128
          16900.0000         64         64        112          0          0        128
          17000.0000         64         64        112          0          0        128
          17100.0000         64         64        112          0          0        128
          17200.0000         64         64        112          0          0        128
          17300.0000         64         64        112          0          0        128
          17400.0000         63         63        113          0          0        126
          17500.0000         63         63        113          0          0        126
          17600.0000         63         63        113          0          0        126
          17700.0000         63         63        113          0          0        126
          17800.0000         63         63        113          0          0        126
          17900.0000         63         63        113          0          0        126
          18000.0000         63         63        113          0          0        126
          18100.0000         63         63        113          0          0        126
          18200.0000         63         63        113          0          0        126
          18300.0000         63         63        113          0          0        126
          18400.0000         63         63        113          0          0        126
          18500.0000         63         63        113          0          0        126
          18600.0000         63         63        113          0          0        126
          18700.0000         63         63        113          0          0        126
          18800.0000         63         63        113          0          0        126
          18900.0000         63         63        113          0          0        126
          19000.0000         63         63        113          0          0        126
          19100.0000         63         63        113          0          0        126
          19200.0000         63         63        113          0          0        126
          19300.0000         63         63        113          0          0        126
          19400.0000         63         63        113          0          0        126
          19500.0000         63         63        113          0          0        126
          19600.0000         63         63        113          0          0        126
          19700.0000         63         63        113          0          0        126
          19800.0000         63         63        113          0          0        126
          19900.0000         63         63        113          0          0        126
          20000.0000         63         63        113          0          0        126
          20100.0000         63         63        113          0          0        126
          20200.0000         63         63        113          0          0        126
          20300.0000         63         63        113          0          0        126
          20400.0000         63         63        113          0          0        126
          20500.0000         63         63        113          0          0        126
          20600.0000         63         63        113          0          0        126
          20700.0000         63         63        113          0          0        126
          20800.0000         63         63        113          0          0        126
          20900.0000         63         63        113          0          0        126
          21000.0000         63         63        113          0          0        126
          21100.0000         63         63        113          0          0        126
          21200.0000         63         63        113          0          0        126
          21300.0000         63         63        113          0          0        126
          21400.0000         63         63        113          0          0        126
          21500.0000         63         63        113          0          0        126
          21600.0000         63         63        113          0          0        126
          21700.0000         63         63        113          0          0        126
          21800.0000         63         63        113          0          0        126
          21900.0000         63         63        113          0          0        126
          22000.0000         63         63        113          0          0        126
          22100.0000         63         63        113          0          0        126
          22200.0000         63         63        113          0          0        126
          22300.0000         63         63        113          0          0        126
          22400.0000         63         63        113          0          0        126
          22500.0000         63         63        113          0          0        126
          22600.0000         63         63        113          0          0        126
          22700.0000         63         63        113          0          0        126
          22800.0000         63         63        113          0          0        126
          22900.0000         63         63        113          0          0        126
          23000.0000         63         63        113          0          0        126
          23100.0000         63         63        113          0          0        126
          23200.0000         63         63        113          0          0        126
          23300.0000         63         63        113          0          0        126
          23400.0000         63         63        113          0          0        126
          23500.0000         63         63        113          0          0        126
          23600.0000         63         63        113          0          0        126
          23700.0000         63         63        113          0          0        126
          23800.0000         63         63        113          0          0        126
          23900.0000         63         63        113          0          0        126
          24000.0000         63         63        113          0          0        126
          24100.0000         63         63        113          0          0        126
          24200.0000         63         63        113          0          0        126
          24300.0000         63         63        113          0          0        126
          24400.0000         63         63        113          0          0        126
          24500.0000         62         62        114          0          0        124
          24600.0000         62         62        114          0          0        124
          24700.0000         62         62        114          0          0        124
          24800.0000         62         62        114          0          0        124
          24900.0000         62         62        114          0          0        124
          25000.0000         62         62        114          0          0        124
          25100.0000         62         62        114          0          0        124
          25200.0000         62         62        114          0          0        124
          25300.0000         62         62        114          0          0        124
          25400.0000         62         62        114          0          0        124
          25500.0000         62         62        114          0          0        124
          25600.0000         62         62        114          0          0        124
          25700.0000         62         62        114          0          0        124
          25800.0000         62         62        114          0          0        124
          25900.0000         62         62        114          0          0        124
          26000.0000         62         62        114          0          0        124
          26100.0000         62         62        114          0          0        124
          26200.0000         62         62        114          0          0        124
          26300.0000         62         62        114          0          0        124
          26400.0000         62         62        114          0          0        124
          26500.0000         62         62        114          0          0        124
          26600.0000         62         62        114          0          0        124
          26700.0000         62         62        114          0          0        124
          26800.0000         62         62        114          0          0        124
          26900.0000         62         62        114          0          0        124
          27000.0000         62         62        114          0          0        124
          27100.0000         62         62        114          0          0        124
          27200.0000         62         62        114          0          0        124
          27300.0000         62         62        114          0          0        124
          27400.0000         62         62        114          0          0        124
          27500.0000         62         62        114          0          0        124
          27600.0000         62         62        114          0          0        124
          27700.0000         62         62        114          0          0        124
          27800.0000         62         62        114          0          0        124
          27900.0000         62         62        114          0          0        124
          28000.0000         62         62        114          0          0        124
          28100.0000         61         61        115          0          0        122
          28200.0000         61         61        115          0          0        122
          28300.0000         61         61        115          0          0        122
          28400.0000         61         61        115          0          0        122
          28500.0000         61         61        115          0          0        122
          28600.0000         61         61        115          0          0        122
          28700.0000         61         61        115          0          0        122
          28800.0000         61         61        115          0          0        122
          28900.0000         61         61        115          0          0        122
          29000.0000         61         61        115          0          0        122
          29100.0000         61         61        115          0          0        122
          29200.0000         61         61        115          0          0        122
          29300.0000         61         61        115          0          0        122
          29400.0000         61         61        115          0          0        122
          29500.0000         61         61        115          0          0        122
          29600.0000         61         61        115          0          0        122
          29700.0000         61         61        115          0          0        122
          29800.0000         61         61        115          0          0        122
          29900.0000         61         61        115          0          0        122
          30000.0000         61         61        115          0          0        122
          30100.0000         61         61        115          0          0        122
          30200.0000         61         61        115          0          0        122
          30300.0000         61         61        115          0          0        122
          30400.0000         61         61        115          0          0        122
          30500.0000         61         61        115          0          0        122
          30600.0000         61         61        115          0          0        122
          30700.0000         61         61        115          0          0        122
          30800.0000         61         61        115          0          0        122
          30900.0000         61         61        115          0          0        122
          31000.0000         61         61        115          0          0        122
          31100.0000         61         61        115          0          0        122
          31200.0000         61         61        115          0          0        122
          31300.0000         61         61        115          0          0        122
          31400.0000         61         61        115          0          0        122
          31500.0000         61         61        115          0          0        122
          31600.0000         61         61        115          0          0        122
          31700.0000         61         61        115          0          0        122
          31800.0000         61         61        115          0          0        122
          31900.0000         61         61        115          0          0        122
          32000.0000         61         61        115          0          0        122
          32100.0000         61         61        115          0          0        122
          32200.0000         61         61        115          0          0        122
          32300.0000         61         61        115          0          0        122
          32400.0000         61         61        115          0          0        122
          32500.0000         61         61        115          0          0        122
          32600.0000         61         61        115          0          0        122
          32700.0000         61         61        115          0          0        122
          32800.0000         61         61        115          0          0        122
          32900.0000         61         61        115          0          0        122
          33000.0000         61         61        115          0          0        122
          33100.0000         61         61        115          0          0        122
          33200.0000         60         60        116          0          0        120
          33300.0000         60         60        116          0          0        120
          33400.0000         60         60        116          0          0        120
          33500.0000         60         60        116          0          0        120
          33600.0000         60         60        116          0          0        120
          33700.0000         60         60        116          0          0        120
          33800.0000         60         60        116          0          0        120
          33900.0000         60         60        116          0          0        120
          34000.0000         60         60        116          0          0        120
          34100.0000         60         60        116          0          0        120
          34200.0000         60         60        116          0          0        120
          34300.0000         60         60        116          0          0        120
          34400.0000         60         60        116          0          0        120
          34500.0000         60         60        116          0          0        120
          34600.0000         60         60        116          0          0        120
          34700.0000         60         60        116          0          0        120
          34800.0000         60         60        116          0          0        120
          34900.0000         60         60        116          0          0        120
          35000.0000         60         60        116          0          0        120
          35100.0000         60         60        116          0          0        120
          35200.0000         60         60        116          0          0        120
          35300.0000         60         60        116          0          0        120
          35400.0000         60         60        116          0          0        120
          35500.0000         60         60        116          0          0        120
          35600.0000         60         60        116          0          0        120
          35700.0000         60         60        116          0          0        120
          35800.0000         60         60        116          0          0        120
          35900.0000         60         60        116          0          0        120
          36000.0000         60         60        116          0          0        120
          36100.0000         60         60        116          0          0        120
          36200.0000         60         60        116          0          0        120
          36300.0000         60         60        116          0          0        120
          36400.0000         60         60        116          0          0        120
          36500.0000         60         60        116          0          0        120
          36600.0000         60         60        116          0          0        120
          36700.0000         60         60        116          0          0        120
          36800.0000         60         60        116          0          0        120
          36900.0000         60         60        116          0          0        120
          37000.0000         60         60        116          0          0        120
          37100.0000         60         60        116          0          0        120
          37200.0000         60         60        116          0          0        120
          37300.0000         60         60        116          0          0        120
          37400.0000         60         60        116          0          0        120
          37500.0000         60         60        116          0          0        120
          37600.0000         60         60        116          0          0        120
          37700.0000         60         60        116          0          0        120
          37800.0000         60         60        116          0          0        120
          37900.0000         60         60        116          0          0        120
          38000.0000         60         60        116          0          0        120
          38100.0000         60         60        116          0          0        120
          38200.0000         60         60        116          0          0        120
          38300.0000         60         60        116          0          0        120
          38400.0000         59         59        117          0          0        118
          38500.0000         59         59        117          0          0        118
          38600.0000         59         59        117          0          0        118
          38700.0000         59         59        117          0          0        118
          38800.0000         59         59        117          0          0        118
          38900.0000         59         59        117          0          0        118
          39000.0000         59         59        117          0          0        118
          39100.0000         59         59        117          0          0        118
          39200.0000         59         59        117          0          0        118
          39300.0000         59         59        117          0          0        118
          39400.0000         59         59        117          0          0        118
          39500.0000         59         59        117          0          0        118
          39600.0000         59         59        117          0          0        118
          39700.0000         59         59        117          0          0        118
          39800.0000         59         59        117          0          0        118
          39900.0000         59         59        117          0          0        118
          40000.0000         59         59        117          0          0        118
          40100.0000         59         59        117          0          0        118
          40200.0000         59         59        117          0          0        118
          40300.0000         59         59        117          0          0        118
          40400.0000         59         59        117          0          0        118
          40500.0000         59         59        117          0          0        118
          40600.0000         59         59        117          0          0        118
          40700.0000         59         59        117          0          0        118
          40800.0000         59         59        117          0          0        118
          40900.0000         59         59        117          0          0        118
          41000.0000         59         59        117          0          0        118
          41100.0000         59         59        117          0          0        118
          41200.0000         59         59        117          0          0        118
          41300.0000         59         59        117          0          0        118
          41400.0000         59         59        117          0          0        118
          41500.0000         59         59        117          0          0        118
          41600.0000         59         59        117          0          0        118
          41700.0000         58         58        118          0          0        116
          41800.0000         58         58        118          0          0        116
          41900.0000         58         58        118          0          0        116
          42000.0000         58         58        118          0          0        116
          42100.0000         58         58        118          0          0        116
          42200.0000         58         58        118          0          0        116
          42300.0000         58         58        118          0          0        116
          42400.0000         58         58        118          0          0        116
          42500.0000         58         58        118          0          0        116
          42600.0000         58         58        118          0          0        116
          42700.0000         58         58        118          0          0        116
          42800.0000         58         58        118          0          0        116
          42900.0000         58         58        118          0          0        116
          43000.0000         58         58        118          0          0        116
          43100.0000         58         58        118          0          0        116
          43200.0000         58         58        118          0          0        116
          43300.0000         58         58        118          0          0        116
          43400.0000         58         58        118          0          0        116
          43500.0000         58         58        118          0          0        116
          43600.0000         58         58        118          0          0        116
          43700.0000         58         58        118          0          0        116
          43800.0000         58         58        118          0          0        116
          43900.0000         58         58        118          0          0        116
          44000.0000         58         58        118          0          0        116
          44100.0000         58         58        118          0          0        116
          44200.0000         58         58        118          0          0        116
          44300.0000         58         58        118          0          0        116
          44400.0000         58         58        118          0          0        116
          44500.0000         58         58        118          0          0        116
          44600.0000         58         58        118          0          0        116
          44700.0000         58         58        118          0          0        116
          44800.0000         58         58        118          0          0        116
          44900.0000         58         58        118          0          0        116
          45000.0000         58         58        118          0          0        116
          45100.0000         58         58        118          0          0        116
          45200.0000         58         58        118          0          0        116
          45300.0000         58         58        118          0          0        116
          45400.0000         58         58        118          0          0        116
          45500.0000         58         58        118          0          0        116
          45600.0000         58         58        118          0          0        116
          45700.0000         58         58        118          0          0        116
          45800.0000         58         58        118          0          0        116
          45900.0000         58         58        118          0          0        116
          46000.0000         58         58        118          0          0        116
          46100.0000         57         57        119          0          0        114
          46200.0000         57         57        119          0          0        114
          46300.0000         57         57        119          0          0        114
          46400.0000         57         57        119          0          0        114
          46500.0000         57         57        119          0          0        114
          46600.0000         57         57        119          0          0        114
          46700.0000         57         57        119          0          0        114
          46800.0000         57         57        119          0          0        114
          46900.0000         57         57        119          0          0        114
          47000.0000         57         57        119          0          0        114
          47100.0000         57         57        119          0          0        114
          47200.0000         57         57        119          0          0        114
          47300.0000         57         57        119          0          0        114
          47400.0000         57         57        119          0          0        114
          47500.0000         57         57        119          0          0        114
          47600.0000         57         57        119          0          0        114
          47700.0000         57         57        119          0          0        114
          47800.0000         57         57        119          0          0        114
          47900.0000         57         57        119          0          0        114
          48000.0000         57         57        119          0          0        114
          48100.0000         57         57        119          0          0        114
          48200.0000         57         57        119          0          0        114
          48300.0000         57         57        119          0          0        114
          48400.0000         57         57        119          0          0        114
          48500.0000         57         57        119          0          0        114
          48600.0000         57         57        119          0          0        114
          48700.0000         57         57        119          0          0        114
          48800.0000         57         57        119          0          0        114
          48900.0000         57         57        119          0          0        114
          49000.0000         57         57        119          0          0        114
          49100.0000         57         57        119          0          0        114
          49200.0000         57         57        119          0          0        114
          49300.0000         57         57        119          0          0        114
          49400.0000         57         57        119          0          0        114
          49500.0000         57         57        119          0          0        114
          49600.0000         57         57        119          0          0        114
          49700.0000         57         57        119          0          0        114
          49800.0000         57         57        119          0          0        114
          49900.0000         57         57        119          0          0        114
          50000.0000         57         57        119          0          0        114
          50100.0000         57         57        119          0          0        114
          50200.0000         57         57        119          0          0        114
          50300.0000         57         57        119          0          0        114
          50400.0000         57         57        119          0          0        114
          50500.0000         57         57        119          0          0        114
          50600.0000         57         57        119          0          0        114
          50700.0000         57         57        119          0          0        114
          50800.0000         57         57        119          0          0        114
          50900.0000         57         57        119          0          0        114
          51000.0000         57         57        119          0          0        114
          51100.0000         57         57        119          0          0        114
          51200.0000         57         57        119          0          0        114
          51300.0000         57         57        119          0          0        114
          51400.0000         57         57        119          0          0        114
          51500.0000         57         57        119          0          0        114
          51600.0000         57         57        119          0          0        114
          51700.0000         57         57        119          0          0        114
          51800.0000         57         57        119          0          0        114
          51900.0000         57         57        119          0          0        114
          52000.0000         57         57        119          0          0        114
          52100.0000         57         57        119          0          0        114
          52200.0000         57         57        119          0          0        114
          52300.0000         57         57        119          0          0        114
          52400.0000         57         57        119          0          0        114
          52500.0000         57         57        119          0          0        114
          52600.0000         57         57        119          0          0        114
          52700.0000         57         57        119          0          0        114
          52800.0000         57         57        119          0          0        114
          52900.0000         57         57        119          0          0        114
          53000.0000         57         57        119          0          0        114
          53100.0000         57         57        119          0          0        114
          53200.0000         57         57        119          0          0        114
          53300.0000         57         57        119          0          0        114
          53400.0000         57         57        119          0          0        114
          53500.0000         57         57        119          0          0        114
          53600.0000         57         57        119          0          0        114
          53700.0000         57         57        119          0          0        114
          53800.0000         57         57        119          0          0        114
          53900.0000         57         57        119          0          0        114
          54000.0000         57         57        119          0          0        114
          54100.0000         57         57        119          0          0        114
          54200.0000         57         57        119          0          0        114
          54300.0000         57         57        119          0          0        114
          54400.0000         57         57        119          0          0        114
          54500.0000         57         57        119          0          0        114
          54600.0000         57         57        119          0          0        114
          54700.0000         57         57        119          0          0        114
          54800.0000         57         57        119          0          0        114
          54900.0000         57         57        119          0          0        114
          55000.0000         57         57        119          0          0        114
          55100.0000         57         57        119          0          0        114
          55200.0000         57         57        119          0          0        114
          55300.0000         57         57        119          0          0        114
          55400.0000         57         57        119          0          0        114
          55500.0000         57         57        119          0          0        114
          55600.0000         57         57        119          0          0        114
          55700.0000         57         57        119          0          0        114
          55800.0000         57         57        119          0          0        114
          55900.0000         57         57        119          0          0        114
          56000.0000         56         56        120          0          0        112
          56100.0000         56         56        120          0          0        112
          56200.0000         56         56        120          0          0        112
          56300.0000         56         56        120          0          0        112
          56400.0000         56         56        120          0          0        112
          56500.0000         55         55        121          0          0        110
          56600.0000         55         55        121          0          0        110
          56700.0000         55         55        121          0          0        110
          56800.0000         55         55        121          0          0        110
          56900.0000         55         55        121          0          0        110
          57000.0000         55         55        121          0          0        110
          57100.0000         55         55        121          0          0        110
          57200.0000         55         55        121          0          0        110
          57300.0000         55         55        121          0          0        110
          57400.0000         55         55        121          0          0        110
          57500.0000         55         55        121          0          0        110
          57600.0000         55         55        121          0          0        110
          57700.0000         55         55        121          0          0        110
          57800.0000         55         55        121          0          0        110
          57900.0000         55         55        121          0          0        110
          58000.0000         55         55        121          0          0        110
          58100.0000         55         55        121          0          0        110
          58200.0000         55         55        121          0          0        110
          58300.0000         55         55        121          0          0        110
          58400.0000         55         55        121          0          0        110
          58500.0000         55         55        121          0          0        110
          58600.0000         55         55        121          0          0        110
          58700.0000         55         55        121          0          0        110
          58800.0000         55         55        121          0          0        110
          58900.0000         55         55        121          0          0        110
          59000.0000         55         55        121          0          0        110
          59100.0000         55         55        121          0          0        110
          59200.0000         55         55        121          0          0        110
          59300.0000         55         55        121          0          0        110
          59400.0000         55         55        121          0          0        110
          59500.0000         55         55        121          0          0        110
          59600.0000         55         55        121          0          0        110
          59700.0000         55         55        121          0          0        110
          59800.0000         55         55        121          0          0        110
          59900.0000         55         55        121          0          0        110
          60000.0000         55         55        121          0          0        110
          60100.0000         55         55        121          0          0        110
          60200.0000         55         55        121          0          0        110
          60300.0000         55         55        121          0          0        110
          60400.0000         55         55        121          0          0        110
          60500.0000         55         55        121          0          0        110
          60600.0000         55         55        121          0          0        110
          60700.0000         55         55        121          0          0        110
          60800.0000         55         55        121          0          0        110
          60900.0000         55         55        121          0          0        110
          61000.0000         55         55        121          0          0        110
          61100.0000         55         55        121          0          0        110
          61200.0000         55         55        121          0          0        110
          61300.0000         55         55        121          0          0        110
          61400.0000         55         55        121          0          0        110
          61500.0000         55         55        121          0          0        110
          61600.0000         55         55        121          0          0        110
          61700.0000         54         54        122          0          0        108
          61800.0000         54         54        122          0          0        108
          61900.0000         54         54        122          0          0        108
          62000.0000         54         54        122          0          0        108
          62100.0000         54         54        122          0          0        108
          62200.0000         54         54        122          0          0        108
          62300.0000         53         53        123          0          0        106
          62400.0000         53         53        123          0          0        106
          62500.0000         53         53        123          0          0        106
          62600.0000         53         53        123          0          0        106
          62700.0000         53         53        123          0          0        106
          62800.0000         53         53        123          0          0        106
          62900.0000         53         53        123          0          0        106
          63000.0000         53         53        123          0          0        106
          63100.0000         53         53        123          0          0        106
          63200.0000         53         53        123          0          0        106
          63300.0000         53         53        123          0          0        106
          63400.0000         53         53        123          0          0        106
          63500.0000         53         53        123          0          0        106
          63600.0000         53         53        123          0          0        106
          63700.0000         53         53        123          0          0        106
          63800.0000         53         53        123          0          0        106
          63900.0000         53         53        123          0          0        106
          64000.0000         53         53        123          0          0        106
          64100.0000         53         53        123          0          0        106
          64200.0000         53         53        123          0          0        106
          64300.0000         53         53        123          0          0        106
          64400.0000         53         53        123          0          0        106
          64500.0000         53         53        123          0          0        106
          64600.0000         53         53        123          0          0        106
          64700.0000         53         53        123          0          0        106
          64800.0000         53         53        123          0          0        106
          64900.0000         53         53        123          0          0        106
          65000.0000         53         53        123          0          0        106
          65100.0000         53         53        123          0          0        106
          65200.0000         53         53        123          0          0        106
          65300.0000         53         53        123          0          0        106
          65400.0000         53         53        123          0          0        106
          65500.0000         53         53        123          0          0        106
          65600.0000         53         53        123          0          0        106
          65700.0000         53         53        123          0          0        106
          65800.0000         53         53        123          0          0        106
          65900.0000         53         53        123          0          0        106
          66000.0000         53         53        123          0          0        106
          66100.0000         53         53        123          0          0        106
          66200.0000         53         53        123          0          0        106
          66300.0000         53         53        123          0          0        106
          66400.0000         53         53        123          0          0        106
          66500.0000         53         53        123          0          0        106
          66600.0000         53         53        123          0          0        106
          66700.0000         53         53        123          0          0        106
          66800.0000         53         53        123          0          0        106
          66900.0000         53         53        123          0          0        106
          67000.0000         53         53        123          0          0        106
          67100.0000         53         53        123          0          0        106
          67200.0000         53         53        123          0          0        106
          67300.0000         53         53        123          0          0        106
          67400.0000         53         53        123          0          0        106
          67500.0000         53         53        123          0          0        106
          67600.0000         53         53        123          0          0        106
          67700.0000         53         53        123          0          0        106
          67800.0000         53         53        123          0          0        106
          67900.0000         53         53        123          0          0        106
          68000.0000         53         53        123          0          0        106
          68100.0000         53         53        123          0          0        106
          68200.0000         53         53        123          0          0        106
          68300.0000         53         53        123          0          0        106
          68400.0000         53         53        123          0          0        106
          68500.0000         53         53        123          0          0        106
          68600.0000         53         53        123          0          0        106
          68700.0000         53         53        123          0          0        106
          68800.0000         53         53        123          0          0        106
          68900.0000         53         53        123          0          0        106
          69000.0000         53         53        123          0          0        106
          69100.0000         53         53        123          0          0        106
          69200.0000         53         53        123          0          0        106
          69300.0000         53         53        123          0          0        106
          69400.0000         53         53        123          0          0        106
          69500.0000         53         53        123          0          0        106
          69600.0000         53         53        123          0          0        106
          69700.0000         53         53        123          0          0        106
          69800.0000         53         53        123          0          0        106
          69900.0000         53         53        123          0          0        106
          70000.0000         53         53        123          0          0        106
          70100.0000         53         53        123          0          0        106
          70200.0000         53         53        123          0          0        106
          70300.0000         53         53        123          0          0        106
          70400.0000         53         53        123          0          0        106
          70500.0000         53         53        123          0          0        106
          70600.0000         53         53        123          0          0        106
          70700.0000         53         53        123          0          0        106
          70800.0000         53         53        123          0          0        106
          70900.0000         53         53        123          0          0        106
          71000.0000         53         53        123          0          0        106
          71100.0000         53         53        123          0          0        106
          71200.0000         53         53        123          0          0        106
          71300.0000         53         53        123          0          0        106
          71400.0000         53         53        123          0          0        106
          71500.0000         53         53        123          0          0        106
          71600.0000         53         53        123          0          0        106
          71700.0000         53         53        123          0          0        106
          71800.0000         53         53        123          0          0        106
          71900.0000         53         53        123          0          0        106
          72000.0000         53         53        123          0          0        106
          72100.0000         53         53        123          0          0        106
          72200.0000         53         53        123          0          0        106
          72300.0000         52         52        124          0          0        104
          72400.0000         51         51        125          0          0        102
          72500.0000         51         51        125          0          0        102
          72600.0000         51         51        125          0          0        102
          72700.0000         51         51        125          0          0        102
          72800.0000         51         51        125          0          0        102
          72900.0000         51         51        125          0          0        102
          73000.0000         51         51        125          0          0        102
          73100.0000         50         50        126          0          0        100
          73200.0000         50         50        126          0          0        100
          73300.0000         50         50        126          0          0        100
          73400.0000         50         50        126          0          0        100
          73500.0000         50         50        126          0          0        100
          73600.0000         50         50        126          0          0        100
          73700.0000         50         50        126          0          0        100
          73800.0000         50         50        126          0          0        100
          73900.0000         50         50        126          0          0        100
          74000.0000         50         50        126          0          0        100
          74100.0000         50         50        126          0          0        100
          74200.0000         50         50        126          0          0        100
          74300.0000         50         50        126          0          0        100
          74400.0000         50         50        126          0          0        100
          74500.0000         50         50        126          0          0        100
          74600.0000         50         50        126          0          0        100
          74700.0000         50         50        126          0          0        100
          74800.0000         50         50        126          0          0        100
          74900.0000         50         50        126          0          0        100
          75000.0000         50         50        126          0          0        100
          75100.0000         50         50        126          0          0        100
          75200.0000         50         50        126          0          0        100
          75300.0000         50         50        126          0          0        100
          75400.0000         50         50        126          0          0        100
          75500.0000         50         50        126          0          0        100
          75600.0000         50         50        126          0          0        100
          75700.0000         50         50        126          0          0        100
          75800.0000         50         50        126          0          0        100
          75900.0000         50         50        126          0          0        100
          76000.0000         50         50        126          0          0        100
          76100.0000         50         50        126          0          0        100
          76200.0000         49         49        127          0          0         98
          76300.0000         49         49        127          0          0         98
          76400.0000         49         49        127          0          0         98
          76500.0000         49         49        127          0          0         98
          76600.0000         49         49        127          0          0         98
          76700.0000         49         49        127          0          0         98
          76800.0000         49         49        127          0          0         98
          76900.0000         49         49        127          0          0         98
          77000.0000         49         49        127          0          0         98
          77100.0000         49         49        127          0          0         98
          77200.0000         49         49        127          0          0         98
          77300.0000         49         49        127          0          0         98
          77400.0000         49         49        127          0          0         98
          77500.0000         49         49        127          0          0         98
          77600.0000         49         49        127          0          0         98
          77700.0000         49         49        127          0          0         98
          77800.0000         49         49        127          0          0         98
          77900.0000         49         49        127          0          0         98
          78000.0000         49         49        127          0          0         98
          78100.0000         49         49        127          0          0         98
          78200.0000         49         49        127          0          0         98
          78300.0000         49         49        127          0          0         98
          78400.0000         49         49        127          0          0         98
          78500.0000         49         49        127          0          0         98
          78600.0000         49         49        127          0          0         98
          78700.0000         49         49        127          0          0         98
          78800.0000         49         49        127          0          0         98
          78900.0000         49         49        127          0          0         98
          79000.0000         49         49        127          0          0         98
          79100.0000         49         49        127          0          0         98
          79200.0000         49         49        127          0          0         98
          79300.0000         49         49        127          0          0         98
          79400.0000         49         49        127          0          0         98
          79500.0000         49         49        127          0          0         98
          79600.0000         49         49        127          0          0         98
          79700.0000         49         49        127          0          0         98
          79800.0000         49         49        127          0          0         98
          79900.0000         49         49        127          0          0         98
          80000.0000         49         49        127          0          0         98
          80100.0000         49         49        127          0          0         98
          80200.0000         49         49        127          0          0         98
          80300.0000         49         49        127          0          0         98
          80400.0000         49         49        127          0          0         98
          80500.0000         49         49        127          0          0         98
          80600.0000         49         49        127          0          0         98
          80700.0000         49         49        127          0          0         98
          80800.0000         49         49        127          0          0         98
          80900.0000         49         49        127          0          0         98
          81000.0000         49         49        127          0          0         98
          81100.0000         49         49        127          0          0         98
          81200.0000         49         49        127          0          0         98
          81300.0000         49         49        127          0          0         98
          81400.0000         49         49        127          0          0         98
          81500.0000         49         49        127          0          0         98
          81600.0000         49         49        127          0          0         98
          81700.0000         49         49        127          0          0         98
          81800.0000         49         49        127          0          0         98
          81900.0000         49         49        127          0          0         98
          82000.0000         49         49        127          0          0         98
          82100.0000         49         49        127          0          0         98
          82200.0000         49         49        127          0          0         98
          82300.0000         49         49        127          0          0         98
          82400.0000         49         49        127          0          0         98
          82500.0000         49         49        127          0          0         98
          82600.0000         49         49        127          0          0         98
          82700.0000         49         49        127          0          0         98
          82800.0000         49         49        127          0          0         98
          82900.0000         49         49        127          0          0         98
          83000.0000         49         49        127          0          0         98
          83100.0000         49         49        127          0          0         98
