                Time  Interstls  Vacancies   Recmbtns   VcncySfc   IntlnSfc  defects
              0.0000        173        178          3          0          0        351
            100.0000        172        177          4          0          0        349
            200.0000        172        178          4          0          0        350
            300.0000        172        178          4          0          0        350
            400.0000        171        177          5          0          0        348
            500.0000        169        175          7          0          0        344
            600.0000        169        175          7          0          0        344
            700.0000        169        175          7          0          0        344
            800.0000        168        175          8          0          0        343
            900.0000        168        175          8          0          0        343
           1000.0000        168        175          8          0          0        343
           2000.0000        160        173         16          0          0        333
           3000.0000        158        176         18          0          0        334
           4000.0000        152        173         24          0          0        325
           5000.0000        151        177         25          0          0        328
           6000.0000        148        174         28          0          0        322
           7000.0000        144        175         32          0          0        319
           8000.0000        143        175         33          0          0        318
           9000.0000        139        173         37          0          0        312
          10000.0000        137        172         39          0          0        309
          11000.0000        134        171         42          0          0        305
          12000.0000        134        171         42          0          0        305
          13000.0000        134        172         42          0          0        306
          14000.0000        132        173         44          0          0        305
          15000.0000        130        174         46          0          0        304
          16000.0000        124        170         52          0          0        294
          17000.0000        124        170         52          0          0        294
          18000.0000        122        168         54          0          0        290
          19000.0000        121        167         55          0          0        288
          20000.0000        118        165         58          0          0        283
          21000.0000        117        164         59          0          0        281
          22000.0000        117        164         59          0          0        281
          23000.0000        117        164         59          0          0        281
          24000.0000        117        164         59          0          0        281
          25000.0000        117        164         59          0          0        281
          26000.0000        117        164         59          0          0        281
          27000.0000        117        164         59          0          0        281
          28000.0000        115        165         61          0          0        280
          29000.0000        113        164         63          0          0        277
          30000.0000        113        164         63          0          0        277
          31000.0000        113        164         63          0          0        277
          32000.0000        113        164         63          0          0        277
          33000.0000        112        163         64          0          0        275
          34000.0000        112        163         64          0          0        275
          35000.0000        112        163         64          0          0        275
          36000.0000        112        163         64          0          0        275
          37000.0000        112        163         64          0          0        275
          38000.0000        112        163         64          0          0        275
          39000.0000        110        162         66          0          0        272
          40000.0000        109        162         67          0          0        271
          41000.0000        109        163         67          0          0        272
          42000.0000        109        163         67          0          0        272
          43000.0000        108        162         68          0          0        270
          44000.0000        107        161         69          0          0        268
          45000.0000        105        160         71          0          0        265
          46000.0000        105        160         71          0          0        265
          47000.0000        105        160         71          0          0        265
          48000.0000        104        160         71          0          1        264
          49000.0000        104        160         71          0          1        264
          50000.0000        104        160         71          0          1        264
          51000.0000        104        160         71          0          1        264
          52000.0000        103        159         72          0          1        262
          53000.0000        102        158         73          0          1        260
          54000.0000        101        158         73          0          2        259
          55000.0000        101        158         73          0          2        259
          56000.0000        101        158         73          0          2        259
          57000.0000        101        158         73          0          2        259
          58000.0000        101        158         73          0          2        259
          59000.0000        100        158         73          0          3        258
          60000.0000        100        158         73          0          3        258
          61000.0000        100        158         73          0          3        258
          62000.0000         99        157         74          0          3        256
          63000.0000         98        157         75          0          3        255
          64000.0000         97        157         76          0          3        254
          65000.0000         97        157         76          0          3        254
          66000.0000         97        157         76          0          3        254
          67000.0000         97        157         76          0          3        254
          68000.0000         97        157         76          0          3        254
          69000.0000         97        157         76          0          3        254
          70000.0000         97        157         76          0          3        254
          71000.0000         97        157         76          0          3        254
          72000.0000         96        156         77          0          3        252
          73000.0000         96        156         77          0          3        252
          74000.0000         96        156         77          0          3        252
          75000.0000         96        156         77          0          3        252
          76000.0000         96        156         77          0          3        252
          77000.0000         96        156         77          0          3        252
          78000.0000         96        157         77          0          3        253
          79000.0000         96        157         77          0          3        253
          80000.0000         96        157         77          0          3        253
          81000.0000         95        156         78          0          3        251
          82000.0000         95        156         78          0          3        251
          83000.0000         95        156         78          0          3        251
          84000.0000         95        156         78          0          3        251
          85000.0000         95        156         78          0          3        251
          86000.0000         95        156         78          0          3        251
          87000.0000         95        156         78          0          3        251
          88000.0000         95        157         78          0          3        252
          89000.0000         94        156         79          0          3        250
          90000.0000         93        155         80          0          3        248
          91000.0000         93        155         80          0          3        248
          92000.0000         93        155         80          0          3        248
          93000.0000         93        155         80          0          3        248
          94000.0000         93        155         80          0          3        248
          95000.0000         93        155         80          0          3        248
          96000.0000         93        155         80          0          3        248
          97000.0000         93        155         80          0          3        248
          98000.0000         93        155         80          0          3        248
          99000.0000         92        154         81          0          3        246
         100000.0000         92        154         81          0          3        246
         101000.0000         92        154         81          0          3        246
         102000.0000         92        154         81          0          3        246
         103000.0000         92        154         81          0          3        246
         104000.0000         92        154         81          0          3        246
         105000.0000         92        154         81          0          3        246
         106000.0000         92        154         81          0          3        246
         107000.0000         92        154         81          0          3        246
         108000.0000         92        154         81          0          3        246
         109000.0000         92        154         81          0          3        246
         110000.0000         92        154         81          0          3        246
         111000.0000         92        154         81          0          3        246
         112000.0000         92        154         81          0          3        246
         113000.0000         92        154         81          0          3        246
         114000.0000         92        154         81          0          3        246
         115000.0000         92        155         81          0          3        247
         116000.0000         91        154         82          0          3        245
         117000.0000         91        154         82          0          3        245
         118000.0000         91        154         82          0          3        245
         119000.0000         91        154         82          0          3        245
         120000.0000         91        154         82          0          3        245
         121000.0000         90        154         82          0          4        244
         122000.0000         90        154         82          0          4        244
         123000.0000         90        154         82          0          4        244
         124000.0000         90        154         82          0          4        244
         125000.0000         90        154         82          0          4        244
         126000.0000         90        154         82          0          4        244
         127000.0000         90        154         82          0          4        244
         128000.0000         90        154         82          0          4        244
         129000.0000         90        154         82          0          4        244
         130000.0000         90        154         82          0          4        244
         131000.0000         90        154         82          0          4        244
         132000.0000         90        154         82          0          4        244
         133000.0000         90        154         82          0          4        244
         134000.0000         90        154         82          0          4        244
         135000.0000         90        154         82          0          4        244
         136000.0000         90        154         82          0          4        244
         137000.0000         90        155         82          0          4        245
         138000.0000         90        156         82          0          4        246
         139000.0000         89        155         83          0          4        244
         140000.0000         89        155         83          0          4        244
         141000.0000         89        155         83          0          4        244
         142000.0000         89        156         83          0          4        245
         143000.0000         88        155         84          0          4        243
         144000.0000         88        155         84          0          4        243
         145000.0000         88        155         84          0          4        243
         146000.0000         88        155         84          0          4        243
         147000.0000         88        155         84          0          4        243
         148000.0000         87        154         85          0          4        241
         149000.0000         86        153         86          0          4        239
         150000.0000         86        153         86          0          4        239
         151000.0000         86        153         86          0          4        239
         152000.0000         86        153         86          0          4        239
         153000.0000         86        153         86          0          4        239
         154000.0000         86        154         86          0          4        240
         155000.0000         85        153         87          0          4        238
         156000.0000         85        153         87          0          4        238
         157000.0000         84        153         88          0          4        237
         158000.0000         84        153         88          0          4        237
         159000.0000         84        153         88          0          4        237
         160000.0000         84        153         88          0          4        237
         161000.0000         84        153         88          0          4        237
         162000.0000         84        153         88          0          4        237
         163000.0000         83        153         88          0          5        236
         164000.0000         83        153         88          0          5        236
         165000.0000         83        153         88          0          5        236
         166000.0000         83        153         88          0          5        236
         167000.0000         83        153         88          0          5        236
         168000.0000         83        153         88          0          5        236
         169000.0000         83        153         88          0          5        236
         170000.0000         83        153         88          0          5        236
         171000.0000         83        153         88          0          5        236
         172000.0000         83        153         88          0          5        236
         173000.0000         83        153         88          0          5        236
         174000.0000         83        153         88          0          5        236
         175000.0000         83        153         88          0          5        236
         176000.0000         83        153         88          0          5        236
         177000.0000         83        153         88          0          5        236
         178000.0000         83        153         88          0          5        236
         179000.0000         83        153         88          0          5        236
         180000.0000         82        153         88          0          6        235
         181000.0000         82        153         88          0          6        235
         182000.0000         82        153         88          0          6        235
         183000.0000         82        153         88          0          6        235
         184000.0000         82        153         88          0          6        235
         185000.0000         82        153         88          0          6        235
         186000.0000         82        153         88          0          6        235
         187000.0000         82        153         88          0          6        235
         188000.0000         81        153         88          0          7        234
         189000.0000         81        153         88          0          7        234
         190000.0000         81        153         88          0          7        234
         191000.0000         80        153         88          0          8        233
         192000.0000         80        153         88          0          8        233
         193000.0000         80        153         88          0          8        233
         194000.0000         80        153         88          0          8        233
         195000.0000         80        153         88          0          8        233
         196000.0000         80        153         88          0          8        233
         197000.0000         80        153         88          0          8        233
         198000.0000         80        153         88          0          8        233
         199000.0000         80        153         88          0          8        233
         200000.0000         80        153         88          0          8        233
         201000.0000         80        153         88          0          8        233
         202000.0000         80        153         88          0          8        233
         203000.0000         80        153         88          0          8        233
         204000.0000         79        153         88          0          9        232
         205000.0000         79        154         88          0          9        233
         206000.0000         79        154         88          0          9        233
         207000.0000         79        154         88          0          9        233
         208000.0000         79        154         88          0          9        233
         209000.0000         79        154         88          0          9        233
         210000.0000         79        154         88          0          9        233
         211000.0000         78        154         88          0         10        232
         212000.0000         78        154         88          0         10        232
         213000.0000         78        154         88          0         10        232
         214000.0000         78        154         88          0         10        232
         215000.0000         77        154         89          0         10        231
         216000.0000         77        154         89          0         10        231
         217000.0000         77        154         89          0         10        231
         218000.0000         77        154         89          0         10        231
         219000.0000         74        153         90          0         12        227
         220000.0000         74        153         90          0         12        227
         221000.0000         74        153         90          0         12        227
         222000.0000         73        153         91          0         12        226
         223000.0000         73        153         91          0         12        226
         224000.0000         73        153         91          0         12        226
         225000.0000         73        153         91          0         12        226
         226000.0000         73        154         91          0         12        227
         227000.0000         73        154         91          0         12        227
         228000.0000         72        153         92          0         12        225
         229000.0000         72        153         92          0         12        225
         230000.0000         72        153         92          0         12        225
         231000.0000         71        153         93          0         12        224
         232000.0000         71        153         93          0         12        224
         233000.0000         71        153         93          0         12        224
         234000.0000         71        153         93          0         12        224
         235000.0000         71        153         93          0         12        224
         236000.0000         71        153         93          0         12        224
         237000.0000         71        153         93          0         12        224
         238000.0000         71        153         93          0         12        224
         239000.0000         71        153         93          0         12        224
         240000.0000         71        153         93          0         12        224
         241000.0000         71        153         93          0         12        224
         242000.0000         71        153         93          0         12        224
         243000.0000         71        153         93          0         12        224
         244000.0000         70        153         93          0         13        223
         245000.0000         70        153         93          0         13        223
         246000.0000         70        153         93          0         13        223
         247000.0000         69        152         94          0         13        221
         248000.0000         69        152         94          0         13        221
         249000.0000         69        152         94          0         13        221
         250000.0000         69        152         94          0         13        221
         251000.0000         69        152         94          0         13        221
         252000.0000         68        152         94          0         14        220
         253000.0000         68        152         94          0         14        220
         254000.0000         68        152         94          0         14        220
         255000.0000         68        152         94          0         14        220
         256000.0000         68        152         94          0         14        220
         257000.0000         68        152         94          0         14        220
         258000.0000         68        152         94          0         14        220
         259000.0000         68        152         94          0         14        220
         260000.0000         68        152         94          0         14        220
         261000.0000         67        152         94          0         15        219
         262000.0000         66        152         95          0         15        218
         263000.0000         66        152         95          0         15        218
         264000.0000         66        152         95          0         15        218
         265000.0000         66        152         95          0         15        218
         266000.0000         66        152         95          0         15        218
         267000.0000         66        153         95          0         15        219
         268000.0000         65        152         96          0         15        217
         269000.0000         64        152         96          0         16        216
         270000.0000         64        152         96          0         16        216
         271000.0000         64        152         96          0         16        216
         272000.0000         64        152         96          0         16        216
         273000.0000         64        152         96          0         16        216
         274000.0000         64        152         96          0         16        216
         275000.0000         64        152         96          0         16        216
         276000.0000         64        152         96          0         16        216
         277000.0000         64        152         96          0         16        216
         278000.0000         64        152         96          0         16        216
         279000.0000         64        152         96          0         16        216
         280000.0000         64        152         96          0         16        216
         281000.0000         64        152         96          0         16        216
         282000.0000         64        153         96          0         16        217
         283000.0000         64        154         96          0         16        218
         284000.0000         64        154         96          0         16        218
         285000.0000         64        154         96          0         16        218
         286000.0000         62        153         97          0         17        215
         287000.0000         62        153         97          0         17        215
         288000.0000         62        153         97          0         17        215
         289000.0000         60        153         99          0         17        213
         290000.0000         60        153         99          0         17        213
         291000.0000         60        153         99          0         17        213
         292000.0000         60        153         99          0         17        213
         293000.0000         60        153         99          0         17        213
         294000.0000         60        153         99          0         17        213
         295000.0000         59        153         99          0         18        212
         296000.0000         59        153         99          0         18        212
         297000.0000         59        153         99          0         18        212
         298000.0000         59        153         99          0         18        212
         299000.0000         59        153         99          0         18        212
         300000.0000         58        153        100          0         18        211
         301000.0000         58        153        100          0         18        211
         302000.0000         58        153        100          0         18        211
         303000.0000         58        153        100          0         18        211
         304000.0000         58        154        100          0         18        212
         305000.0000         58        154        100          0         18        212
         306000.0000         58        154        100          0         18        212
         307000.0000         57        153        101          0         18        210
         308000.0000         57        153        101          0         18        210
         309000.0000         57        153        101          0         18        210
         310000.0000         57        153        101          0         18        210
         311000.0000         57        153        101          0         18        210
         312000.0000         57        153        101          0         18        210
         313000.0000         57        153        101          0         18        210
         314000.0000         56        152        102          0         18        208
         315000.0000         56        152        102          0         18        208
         316000.0000         56        152        102          0         18        208
         317000.0000         56        152        102          0         18        208
         318000.0000         56        152        102          0         18        208
         319000.0000         56        152        102          0         18        208
         320000.0000         56        152        102          0         18        208
         321000.0000         56        152        102          0         18        208
         322000.0000         56        152        102          0         18        208
         323000.0000         56        152        102          0         18        208
         324000.0000         56        152        102          0         18        208
         325000.0000         56        152        102          0         18        208
         326000.0000         56        152        102          0         18        208
         327000.0000         56        152        102          0         18        208
         328000.0000         56        152        102          0         18        208
         329000.0000         56        152        102          0         18        208
         330000.0000         56        152        102          0         18        208
         331000.0000         55        152        102          0         19        207
         332000.0000         55        152        102          0         19        207
         333000.0000         55        152        102          0         19        207
         334000.0000         55        152        102          0         19        207
         335000.0000         55        152        102          0         19        207
         336000.0000         55        152        102          0         19        207
         337000.0000         55        152        102          0         19        207
         338000.0000         55        152        102          0         19        207
         339000.0000         55        152        102          0         19        207
         340000.0000         55        152        102          0         19        207
         341000.0000         55        152        102          0         19        207
         342000.0000         55        152        102          0         19        207
         343000.0000         55        152        102          0         19        207
         344000.0000         55        152        102          0         19        207
         345000.0000         55        152        102          0         19        207
         346000.0000         55        152        102          0         19        207
         347000.0000         55        152        102          0         19        207
         348000.0000         55        152        102          0         19        207
         349000.0000         55        152        102          0         19        207
         350000.0000         55        152        102          0         19        207
         351000.0000         55        152        102          0         19        207
         352000.0000         55        152        102          0         19        207
         353000.0000         55        152        102          0         19        207
         354000.0000         55        152        102          0         19        207
         355000.0000         55        152        102          0         19        207
         356000.0000         55        152        102          0         19        207
         357000.0000         55        152        102          0         19        207
         358000.0000         55        152        102          0         19        207
         359000.0000         55        152        102          0         19        207
         360000.0000         55        152        102          0         19        207
         361000.0000         55        152        102          0         19        207
         362000.0000         55        152        102          0         19        207
         363000.0000         55        152        102          0         19        207
         364000.0000         55        152        102          0         19        207
         365000.0000         55        152        102          0         19        207
         366000.0000         55        152        102          0         19        207
         367000.0000         55        152        102          0         19        207
         368000.0000         54        152        102          0         20        206
         369000.0000         54        152        102          0         20        206
         370000.0000         54        152        102          0         20        206
         371000.0000         54        152        102          0         20        206
         372000.0000         54        152        102          0         20        206
         373000.0000         54        152        102          0         20        206
         374000.0000         54        152        102          0         20        206
         375000.0000         54        152        102          0         20        206
         376000.0000         54        152        102          0         20        206
         377000.0000         54        152        102          0         20        206
         378000.0000         54        152        102          0         20        206
         379000.0000         54        152        102          0         20        206
         380000.0000         54        152        102          0         20        206
         381000.0000         54        152        102          0         20        206
         382000.0000         54        152        102          0         20        206
         383000.0000         54        152        102          0         20        206
         384000.0000         54        152        102          0         20        206
         385000.0000         54        152        102          0         20        206
         386000.0000         54        152        102          0         20        206
         387000.0000         54        152        102          0         20        206
         388000.0000         54        152        102          0         20        206
         389000.0000         54        152        102          0         20        206
         390000.0000         54        152        102          0         20        206
         391000.0000         54        152        102          0         20        206
         392000.0000         54        152        102          0         20        206
         393000.0000         54        152        102          0         20        206
         394000.0000         54        152        102          0         20        206
         395000.0000         54        152        102          0         20        206
         396000.0000         54        152        102          0         20        206
         397000.0000         54        152        102          0         20        206
         398000.0000         54        152        102          0         20        206
         399000.0000         54        152        102          0         20        206
         400000.0000         54        152        102          0         20        206
         401000.0000         54        152        102          0         20        206
         402000.0000         54        152        102          0         20        206
         403000.0000         54        152        102          0         20        206
         404000.0000         54        152        102          0         20        206
         405000.0000         54        152        102          0         20        206
         406000.0000         54        152        102          0         20        206
         407000.0000         54        152        102          0         20        206
         408000.0000         53        153        102          0         21        206
         409000.0000         52        153        103          0         21        205
         410000.0000         52        153        103          0         21        205
         411000.0000         52        153        103          0         21        205
         412000.0000         52        153        103          0         21        205
         413000.0000         52        153        103          0         21        205
         414000.0000         52        153        103          0         21        205
         415000.0000         52        153        103          0         21        205
         416000.0000         52        153        103          0         21        205
         417000.0000         52        153        103          0         21        205
         418000.0000         51        153        103          0         22        204
         419000.0000         51        153        103          0         22        204
         420000.0000         51        153        103          0         22        204
         421000.0000         50        152        104          0         22        202
         422000.0000         50        152        104          0         22        202
         423000.0000         50        152        104          0         22        202
         424000.0000         50        152        104          0         22        202
         425000.0000         50        152        104          0         22        202
         426000.0000         50        152        104          0         22        202
         427000.0000         50        152        104          0         22        202
         428000.0000         50        152        104          0         22        202
         429000.0000         50        152        104          0         22        202
         430000.0000         50        152        104          0         22        202
         431000.0000         50        152        104          0         22        202
         432000.0000         50        152        104          0         22        202
         433000.0000         50        152        104          0         22        202
         434000.0000         50        152        104          0         22        202
         435000.0000         50        152        104          0         22        202
         436000.0000         50        152        104          0         22        202
         437000.0000         50        152        104          0         22        202
         438000.0000         50        152        104          0         22        202
         439000.0000         50        152        104          0         22        202
         440000.0000         50        152        104          0         22        202
         441000.0000         50        152        104          0         22        202
         442000.0000         50        152        104          0         22        202
         443000.0000         50        152        104          0         22        202
         444000.0000         50        152        104          0         22        202
         445000.0000         49        152        105          0         22        201
         446000.0000         49        152        105          0         22        201
         447000.0000         49        152        105          0         22        201
         448000.0000         49        152        105          0         22        201
         449000.0000         48        152        105          0         23        200
         450000.0000         48        152        105          0         23        200
         451000.0000         48        152        105          0         23        200
         452000.0000         48        152        105          0         23        200
         453000.0000         47        152        105          0         24        199
         454000.0000         47        152        105          0         24        199
         455000.0000         47        152        105          0         24        199
         456000.0000         47        152        105          0         24        199
         457000.0000         47        152        105          0         24        199
         458000.0000         47        152        105          0         24        199
         459000.0000         47        152        105          0         24        199
         460000.0000         47        152        105          0         24        199
         461000.0000         47        152        105          0         24        199
         462000.0000         47        152        105          0         24        199
         463000.0000         47        152        105          0         24        199
         464000.0000         46        152        105          0         25        198
         465000.0000         46        152        105          0         25        198
         466000.0000         46        152        105          0         25        198
         467000.0000         46        152        105          0         25        198
         468000.0000         46        152        105          0         25        198
         469000.0000         46        152        105          0         25        198
         470000.0000         46        152        105          0         25        198
         471000.0000         46        152        105          0         25        198
         472000.0000         45        152        105          0         26        197
         473000.0000         45        152        105          0         26        197
         474000.0000         45        152        105          0         26        197
         475000.0000         45        152        105          0         26        197
         476000.0000         45        152        105          0         26        197
         477000.0000         44        152        105          0         27        196
         478000.0000         44        152        105          0         27        196
         479000.0000         44        153        105          0         27        197
         480000.0000         44        153        105          0         27        197
         481000.0000         43        152        106          0         27        195
         482000.0000         43        152        106          0         27        195
         483000.0000         43        152        106          0         27        195
         484000.0000         42        152        106          0         28        194
         485000.0000         42        152        106          0         28        194
         486000.0000         42        152        106          0         28        194
         487000.0000         42        152        106          0         28        194
         488000.0000         42        152        106          0         28        194
         489000.0000         41        152        106          0         29        193
         490000.0000         41        152        106          0         29        193
         491000.0000         41        152        106          0         29        193
         492000.0000         41        152        106          0         29        193
         493000.0000         41        152        106          0         29        193
         494000.0000         41        152        106          0         29        193
         495000.0000         41        153        106          0         29        194
         496000.0000         41        154        106          0         29        195
         497000.0000         41        154        106          0         29        195
         498000.0000         40        155        107          0         29        195
         499000.0000         40        155        107          0         29        195
         500000.0000         40        156        107          0         29        196
         501000.0000         39        155        108          0         29        194
         502000.0000         39        155        108          0         29        194
         503000.0000         39        155        108          0         29        194
         504000.0000         39        155        108          0         29        194
         505000.0000         39        155        108          0         29        194
         506000.0000         39        155        108          0         29        194
         507000.0000         39        155        108          0         29        194
         508000.0000         39        155        108          0         29        194
         509000.0000         39        155        108          0         29        194
         510000.0000         39        155        108          0         29        194
         511000.0000         39        155        108          0         29        194
         512000.0000         39        155        108          0         29        194
         513000.0000         39        155        108          0         29        194
         514000.0000         38        154        109          0         29        192
         515000.0000         38        154        109          0         29        192
         516000.0000         38        154        109          0         29        192
         517000.0000         38        154        109          0         29        192
         518000.0000         38        154        109          0         29        192
         519000.0000         38        154        109          0         29        192
         520000.0000         38        154        109          0         29        192
         521000.0000         37        153        110          0         29        190
         522000.0000         37        153        110          0         29        190
         523000.0000         37        153        110          0         29        190
         524000.0000         37        153        110          0         29        190
         525000.0000         36        153        111          0         29        189
         526000.0000         36        153        111          0         29        189
         527000.0000         36        153        111          0         29        189
         528000.0000         36        153        111          0         29        189
         529000.0000         36        153        111          0         29        189
         530000.0000         35        153        112          0         29        188
         531000.0000         35        154        112          0         29        189
         532000.0000         34        153        113          0         29        187
         533000.0000         34        153        113          0         29        187
         534000.0000         34        153        113          0         29        187
         535000.0000         34        153        113          0         29        187
         536000.0000         34        153        113          0         29        187
         537000.0000         34        153        113          0         29        187
         538000.0000         34        153        113          0         29        187
         539000.0000         34        153        113          0         29        187
         540000.0000         34        153        113          0         29        187
         541000.0000         34        153        113          0         29        187
         542000.0000         34        153        113          0         29        187
         543000.0000         34        153        113          0         29        187
         544000.0000         34        153        113          0         29        187
         545000.0000         34        153        113          0         29        187
         546000.0000         34        153        113          0         29        187
         547000.0000         33        153        113          0         30        186
         548000.0000         33        153        113          0         30        186
         549000.0000         33        153        113          0         30        186
         550000.0000         33        153        113          0         30        186
         551000.0000         33        153        113          0         30        186
         552000.0000         33        153        113          0         30        186
         553000.0000         33        153        113          0         30        186
         554000.0000         33        153        113          0         30        186
         555000.0000         33        154        113          0         30        187
         556000.0000         33        154        113          0         30        187
         557000.0000         32        154        114          0         30        186
         558000.0000         32        154        114          0         30        186
         559000.0000         32        154        114          0         30        186
         560000.0000         32        154        114          0         30        186
         561000.0000         32        154        114          0         30        186
         562000.0000         32        154        114          0         30        186
         563000.0000         32        154        114          0         30        186
         564000.0000         32        154        114          0         30        186
         565000.0000         32        154        114          0         30        186
         566000.0000         32        154        114          0         30        186
         567000.0000         32        154        114          0         30        186
         568000.0000         32        154        114          0         30        186
         569000.0000         31        153        115          0         30        184
         570000.0000         31        153        115          0         30        184
         571000.0000         31        153        115          0         30        184
         572000.0000         31        153        115          0         30        184
         573000.0000         31        153        115          0         30        184
         574000.0000         31        153        115          0         30        184
         575000.0000         31        153        115          0         30        184
         576000.0000         31        153        115          0         30        184
         577000.0000         31        153        115          0         30        184
         578000.0000         31        153        115          0         30        184
         579000.0000         31        153        115          0         30        184
         580000.0000         31        153        115          0         30        184
         581000.0000         31        153        115          0         30        184
         582000.0000         31        153        115          0         30        184
         583000.0000         31        153        115          0         30        184
         584000.0000         31        153        115          0         30        184
         585000.0000         31        153        115          0         30        184
         586000.0000         31        153        115          0         30        184
         587000.0000         31        153        115          0         30        184
         588000.0000         31        153        115          0         30        184
         589000.0000         31        153        115          0         30        184
         590000.0000         31        153        115          0         30        184
         591000.0000         31        153        115          0         30        184
         592000.0000         31        153        115          0         30        184
         593000.0000         31        153        115          0         30        184
         594000.0000         31        153        115          0         30        184
         595000.0000         31        153        115          0         30        184
         596000.0000         31        153        115          0         30        184
         597000.0000         31        153        115          0         30        184
         598000.0000         31        153        115          0         30        184
         599000.0000         31        153        115          0         30        184
         600000.0000         29        153        115          0         32        182
         601000.0000         29        153        115          0         32        182
         602000.0000         29        153        115          0         32        182
         603000.0000         29        153        115          0         32        182
         604000.0000         29        153        115          0         32        182
         605000.0000         29        153        115          0         32        182
         606000.0000         29        153        115          0         32        182
         607000.0000         29        153        115          0         32        182
         608000.0000         29        153        115          0         32        182
         609000.0000         29        153        115          0         32        182
         610000.0000         29        153        115          0         32        182
         611000.0000         29        153        115          0         32        182
         612000.0000         29        153        115          0         32        182
         613000.0000         29        153        115          0         32        182
         614000.0000         29        153        115          0         32        182
         615000.0000         29        153        115          0         32        182
         616000.0000         29        153        115          0         32        182
         617000.0000         29        153        115          0         32        182
         618000.0000         29        153        115          0         32        182
         619000.0000         29        153        115          0         32        182
         620000.0000         29        153        115          0         32        182
         621000.0000         29        153        115          0         32        182
         622000.0000         29        153        115          0         32        182
         623000.0000         29        153        115          0         32        182
         624000.0000         29        153        115          0         32        182
         625000.0000         29        153        115          0         32        182
         626000.0000         29        153        115          0         32        182
         627000.0000         29        153        115          0         32        182
         628000.0000         29        153        115          0         32        182
         629000.0000         29        153        115          0         32        182
         630000.0000         29        153        115          0         32        182
         631000.0000         28        152        116          0         32        180
         632000.0000         28        152        116          0         32        180
         633000.0000         28        152        116          0         32        180
         634000.0000         28        152        116          0         32        180
         635000.0000         28        152        116          0         32        180
         636000.0000         28        152        116          0         32        180
         637000.0000         28        152        116          0         32        180
         638000.0000         28        152        116          0         32        180
         639000.0000         28        152        116          0         32        180
         640000.0000         28        152        116          0         32        180
         641000.0000         28        152        116          0         32        180
         642000.0000         28        152        116          0         32        180
         643000.0000         28        152        116          0         32        180
         644000.0000         28        152        116          0         32        180
         645000.0000         28        152        116          0         32        180
         646000.0000         28        152        116          0         32        180
         647000.0000         28        152        116          0         32        180
         648000.0000         28        152        116          0         32        180
         649000.0000         28        152        116          0         32        180
         650000.0000         28        152        116          0         32        180
         651000.0000         28        152        116          0         32        180
         652000.0000         28        152        116          0         32        180
         653000.0000         28        152        116          0         32        180
         654000.0000         28        152        116          0         32        180
         655000.0000         28        152        116          0         32        180
         656000.0000         28        152        116          0         32        180
         657000.0000         28        152        116          0         32        180
         658000.0000         28        152        116          0         32        180
         659000.0000         28        152        116          0         32        180
         660000.0000         28        152        116          0         32        180
         661000.0000         28        152        116          0         32        180
         662000.0000         28        152        116          0         32        180
         663000.0000         28        152        116          0         32        180
         664000.0000         28        152        116          0         32        180
         665000.0000         28        152        116          0         32        180
         666000.0000         28        152        116          0         32        180
         667000.0000         28        152        116          0         32        180
         668000.0000         28        152        116          0         32        180
         669000.0000         28        152        116          0         32        180
         670000.0000         28        152        116          0         32        180
         671000.0000         28        152        116          0         32        180
         672000.0000         28        152        116          0         32        180
         673000.0000         28        152        116          0         32        180
         674000.0000         28        152        116          0         32        180
         675000.0000         28        152        116          0         32        180
         676000.0000         28        152        116          0         32        180
         677000.0000         28        152        116          0         32        180
         678000.0000         28        152        116          0         32        180
         679000.0000         28        152        116          0         32        180
         680000.0000         28        152        116          0         32        180
         681000.0000         28        152        116          0         32        180
         682000.0000         28        152        116          0         32        180
         683000.0000         28        152        116          0         32        180
         684000.0000         28        152        116          0         32        180
         685000.0000         28        152        116          0         32        180
         686000.0000         28        152        116          0         32        180
         687000.0000         28        152        116          0         32        180
         688000.0000         28        152        116          0         32        180
         689000.0000         28        152        116          0         32        180
         690000.0000         28        152        116          0         32        180
         691000.0000         28        152        116          0         32        180
         692000.0000         28        152        116          0         32        180
         693000.0000         28        152        116          0         32        180
         694000.0000         28        152        116          0         32        180
         695000.0000         28        152        116          0         32        180
         696000.0000         28        152        116          0         32        180
         697000.0000         28        152        116          0         32        180
         698000.0000         28        152        116          0         32        180
         699000.0000         28        152        116          0         32        180
         700000.0000         28        152        116          0         32        180
         701000.0000         28        152        116          0         32        180
         702000.0000         28        152        116          0         32        180
         703000.0000         28        152        116          0         32        180
         704000.0000         28        152        116          0         32        180
         705000.0000         28        152        116          0         32        180
         706000.0000         28        152        116          0         32        180
         707000.0000         28        152        116          0         32        180
         708000.0000         28        152        116          0         32        180
         709000.0000         28        152        116          0         32        180
         710000.0000         28        152        116          0         32        180
         711000.0000         28        152        116          0         32        180
         712000.0000         28        152        116          0         32        180
         713000.0000         28        152        116          0         32        180
         714000.0000         28        152        116          0         32        180
         715000.0000         27        152        116          0         33        179
         716000.0000         27        152        116          0         33        179
         717000.0000         27        152        116          0         33        179
         718000.0000         27        152        116          0         33        179
         719000.0000         27        152        116          0         33        179
         720000.0000         27        152        116          0         33        179
         721000.0000         27        152        116          0         33        179
         722000.0000         27        152        116          0         33        179
         723000.0000         27        152        116          0         33        179
         724000.0000         27        152        116          0         33        179
         725000.0000         27        152        116          0         33        179
         726000.0000         27        152        116          0         33        179
         727000.0000         27        152        116          0         33        179
         728000.0000         27        152        116          0         33        179
         729000.0000         27        152        116          0         33        179
         730000.0000         27        152        116          0         33        179
         731000.0000         27        152        116          0         33        179
         732000.0000         27        152        116          0         33        179
         733000.0000         27        152        116          0         33        179
         734000.0000         27        152        116          0         33        179
         735000.0000         27        152        116          0         33        179
         736000.0000         27        152        116          0         33        179
         737000.0000         27        152        116          0         33        179
         738000.0000         27        152        116          0         33        179
         739000.0000         27        152        116          0         33        179
         740000.0000         27        152        116          0         33        179
         741000.0000         27        152        116          0         33        179
         742000.0000         27        152        116          0         33        179
         743000.0000         27        152        116          0         33        179
         744000.0000         27        152        116          0         33        179
         745000.0000         27        152        116          0         33        179
         746000.0000         27        152        116          0         33        179
         747000.0000         27        152        116          0         33        179
         748000.0000         27        152        116          0         33        179
         749000.0000         27        152        116          0         33        179
         750000.0000         27        152        116          0         33        179
         751000.0000         27        152        116          0         33        179
         752000.0000         27        152        116          0         33        179
         753000.0000         27        152        116          0         33        179
         754000.0000         27        152        116          0         33        179
         755000.0000         27        152        116          0         33        179
         756000.0000         27        152        116          0         33        179
         757000.0000         27        152        116          0         33        179
         758000.0000         27        152        116          0         33        179
         759000.0000         27        152        116          0         33        179
         760000.0000         27        152        116          0         33        179
         761000.0000         27        152        116          0         33        179
         762000.0000         27        152        116          0         33        179
         763000.0000         27        152        116          0         33        179
         764000.0000         27        152        116          0         33        179
         765000.0000         27        152        116          0         33        179
         766000.0000         27        152        116          0         33        179
         767000.0000         27        152        116          0         33        179
         768000.0000         27        152        116          0         33        179
         769000.0000         27        152        116          0         33        179
         770000.0000         27        152        116          0         33        179
         771000.0000         27        152        116          0         33        179
         772000.0000         27        152        116          0         33        179
         773000.0000         27        152        116          0         33        179
         774000.0000         27        152        116          0         33        179
         775000.0000         27        152        116          0         33        179
         776000.0000         27        152        116          0         33        179
         777000.0000         27        152        116          0         33        179
         778000.0000         27        152        116          0         33        179
         779000.0000         27        153        116          0         33        180
         780000.0000         27        153        116          0         33        180
         781000.0000         26        153        117          0         33        179
         782000.0000         26        153        117          0         33        179
         783000.0000         26        153        117          0         33        179
         784000.0000         26        153        117          0         33        179
         785000.0000         26        153        117          0         33        179
         786000.0000         26        153        117          0         33        179
         787000.0000         26        153        117          0         33        179
         788000.0000         26        153        117          0         33        179
         789000.0000         24        152        118          0         34        176
         790000.0000         24        152        118          0         34        176
         791000.0000         24        152        118          0         34        176
         792000.0000         24        152        118          0         34        176
         793000.0000         24        152        118          0         34        176
         794000.0000         24        152        118          0         34        176
         795000.0000         24        152        118          0         34        176
         796000.0000         24        152        118          0         34        176
         797000.0000         24        152        118          0         34        176
         798000.0000         24        152        118          0         34        176
         799000.0000         24        152        118          0         34        176
         800000.0000         24        152        118          0         34        176
         801000.0000         24        152        118          0         34        176
         802000.0000         24        152        118          0         34        176
         803000.0000         24        152        118          0         34        176
         804000.0000         24        152        118          0         34        176
         805000.0000         24        152        118          0         34        176
         806000.0000         24        152        118          0         34        176
         807000.0000         24        152        118          0         34        176
         808000.0000         24        152        118          0         34        176
         809000.0000         24        152        118          0         34        176
         810000.0000         24        152        118          0         34        176
         811000.0000         24        152        118          0         34        176
         812000.0000         24        152        118          0         34        176
         813000.0000         24        152        118          0         34        176
         814000.0000         24        152        118          0         34        176
         815000.0000         23        152        118          0         35        175
         816000.0000         23        152        118          0         35        175
         817000.0000         23        152        118          0         35        175
         818000.0000         23        152        118          0         35        175
         819000.0000         23        152        118          0         35        175
         820000.0000         23        152        118          0         35        175
         821000.0000         23        152        118          0         35        175
         822000.0000         23        152        118          0         35        175
         823000.0000         23        152        118          0         35        175
         824000.0000         23        152        118          0         35        175
         825000.0000         23        152        118          0         35        175
         826000.0000         23        152        118          0         35        175
         827000.0000         23        152        118          0         35        175
         828000.0000         23        152        118          0         35        175
         829000.0000         23        152        118          0         35        175
         830000.0000         23        152        118          0         35        175
         831000.0000         23        152        118          0         35        175
         832000.0000         23        152        118          0         35        175
         833000.0000         23        152        118          0         35        175
         834000.0000         23        152        118          0         35        175
         835000.0000         23        152        118          0         35        175
         836000.0000         23        152        118          0         35        175
         837000.0000         23        152        118          0         35        175
         838000.0000         23        152        118          0         35        175
         839000.0000         23        152        118          0         35        175
         840000.0000         23        152        118          0         35        175
         841000.0000         23        152        118          0         35        175
         842000.0000         23        152        118          0         35        175
         843000.0000         23        152        118          0         35        175
         844000.0000         23        152        118          0         35        175
         845000.0000         22        152        119          0         35        174
         846000.0000         22        152        119          0         35        174
         847000.0000         22        152        119          0         35        174
         848000.0000         22        152        119          0         35        174
         849000.0000         22        152        119          0         35        174
         850000.0000         22        152        119          0         35        174
         851000.0000         22        152        119          0         35        174
         852000.0000         22        152        119          0         35        174
         853000.0000         22        152        119          0         35        174
         854000.0000         21        152        119          0         36        173
         855000.0000         21        152        119          0         36        173
         856000.0000         21        152        119          0         36        173
         857000.0000         21        152        119          0         36        173
         858000.0000         21        152        119          0         36        173
         859000.0000         21        152        119          0         36        173
         860000.0000         21        152        119          0         36        173
         861000.0000         21        152        119          0         36        173
         862000.0000         21        152        119          0         36        173
         863000.0000         21        152        119          0         36        173
         864000.0000         21        152        119          0         36        173
         865000.0000         21        152        119          0         36        173
         866000.0000         21        152        119          0         36        173
         867000.0000         21        152        119          0         36        173
         868000.0000         21        152        119          0         36        173
         869000.0000         21        152        119          0         36        173
         870000.0000         21        152        119          0         36        173
         871000.0000         21        152        119          0         36        173
         872000.0000         21        152        119          0         36        173
         873000.0000         21        152        119          0         36        173
         874000.0000         21        152        119          0         36        173
         875000.0000         21        152        119          0         36        173
         876000.0000         21        152        119          0         36        173
         877000.0000         21        152        119          0         36        173
         878000.0000         21        152        119          0         36        173
         879000.0000         21        152        119          0         36        173
         880000.0000         21        152        119          0         36        173
         881000.0000         21        152        119          0         36        173
         882000.0000         21        152        119          0         36        173
         883000.0000         21        152        119          0         36        173
         884000.0000         21        152        119          0         36        173
         885000.0000         21        152        119          0         36        173
         886000.0000         21        152        119          0         36        173
         887000.0000         21        152        119          0         36        173
         888000.0000         21        152        119          0         36        173
         889000.0000         21        152        119          0         36        173
         890000.0000         21        152        119          0         36        173
         891000.0000         21        152        119          0         36        173
         892000.0000         21        152        119          0         36        173
         893000.0000         21        152        119          0         36        173
         894000.0000         21        152        119          0         36        173
         895000.0000         21        152        119          0         36        173
         896000.0000         21        152        119          0         36        173
         897000.0000         21        152        119          0         36        173
         898000.0000         21        152        119          0         36        173
         899000.0000         21        152        119          0         36        173
         900000.0000         21        152        119          0         36        173
         901000.0000         21        152        119          0         36        173
         902000.0000         21        152        119          0         36        173
         903000.0000         21        152        119          0         36        173
         904000.0000         21        152        119          0         36        173
         905000.0000         21        152        119          0         36        173
         906000.0000         21        152        119          0         36        173
         907000.0000         21        152        119          0         36        173
         908000.0000         21        152        119          0         36        173
         909000.0000         21        152        119          0         36        173
         910000.0000         21        152        119          0         36        173
         911000.0000         21        152        119          0         36        173
         912000.0000         21        152        119          0         36        173
         913000.0000         21        152        119          0         36        173
         914000.0000         21        152        119          0         36        173
         915000.0000         21        152        119          0         36        173
         916000.0000         21        152        119          0         36        173
         917000.0000         19        152        119          0         38        171
         918000.0000         19        152        119          0         38        171
         919000.0000         19        152        119          0         38        171
         920000.0000         19        152        119          0         38        171
         921000.0000         19        152        119          0         38        171
         922000.0000         19        152        119          0         38        171
         923000.0000         19        152        119          0         38        171
         924000.0000         19        152        119          0         38        171
         925000.0000         18        152        119          0         39        170
         926000.0000         18        152        119          0         39        170
         927000.0000         18        152        119          0         39        170
         928000.0000         18        152        119          0         39        170
         929000.0000         18        152        119          0         39        170
         930000.0000         18        152        119          0         39        170
         931000.0000         18        152        119          0         39        170
         932000.0000         18        152        119          0         39        170
         933000.0000         18        152        119          0         39        170
         934000.0000         18        152        119          0         39        170
         935000.0000         18        152        119          0         39        170
         936000.0000         18        152        119          0         39        170
         937000.0000         17        152        119          0         40        169
         938000.0000         17        152        119          0         40        169
         939000.0000         17        152        119          0         40        169
         940000.0000         17        152        119          0         40        169
         941000.0000         17        152        119          0         40        169
         942000.0000         17        152        119          0         40        169
         943000.0000         16        152        120          0         40        168
         944000.0000         16        152        120          0         40        168
         945000.0000         16        152        120          0         40        168
         946000.0000         16        152        120          0         40        168
         947000.0000         16        152        120          0         40        168
         948000.0000         16        152        120          0         40        168
         949000.0000         16        152        120          0         40        168
         950000.0000         16        152        120          0         40        168
         951000.0000         16        152        120          0         40        168
         952000.0000         16        152        120          0         40        168
         953000.0000         16        152        120          0         40        168
         954000.0000         16        152        120          0         40        168
         955000.0000         16        152        120          0         40        168
         956000.0000         16        152        120          0         40        168
         957000.0000         15        152        120          0         41        167
         958000.0000         15        152        120          0         41        167
         959000.0000         15        152        120          0         41        167
         960000.0000         15        152        120          0         41        167
         961000.0000         15        152        120          0         41        167
         962000.0000         15        152        120          0         41        167
         963000.0000         15        152        120          0         41        167
         964000.0000         15        152        120          0         41        167
         965000.0000         15        152        120          0         41        167
         966000.0000         14        152        121          0         41        166
         967000.0000         14        152        121          0         41        166
         968000.0000         14        152        121          0         41        166
         969000.0000         14        152        121          0         41        166
         970000.0000         14        152        121          0         41        166
         971000.0000         14        152        121          0         41        166
         972000.0000         14        152        121          0         41        166
         973000.0000         14        152        121          0         41        166
         974000.0000         14        152        121          0         41        166
         975000.0000         14        152        121          0         41        166
         976000.0000         14        152        121          0         41        166
         977000.0000         14        152        121          0         41        166
         978000.0000         14        152        121          0         41        166
         979000.0000         14        152        121          0         41        166
         980000.0000         14        152        121          0         41        166
         981000.0000         14        152        121          0         41        166
         982000.0000         14        152        121          0         41        166
         983000.0000         14        152        121          0         41        166
         984000.0000         14        152        121          0         41        166
         985000.0000         14        152        121          0         41        166
         986000.0000         14        152        121          0         41        166
         987000.0000         14        152        121          0         41        166
         988000.0000         14        152        121          0         41        166
         989000.0000         14        152        121          0         41        166
         990000.0000         14        152        121          0         41        166
         991000.0000         13        152        121          0         42        165
         992000.0000         13        152        121          0         42        165
         993000.0000         13        152        121          0         42        165
         994000.0000         13        152        121          0         42        165
         995000.0000         13        152        121          0         42        165
         996000.0000         13        152        121          0         42        165
         997000.0000         13        152        121          0         42        165
         998000.0000         13        152        121          0         42        165
         999000.0000         13        152        121          0         42        165
