20 atoms
     1  Si     0.000000    0.000000    0.000000     
     2  Si     5.431000    0.000000    0.000000     
     3  Si     5.431000    5.431000    0.000000     
     4  Si     0.000000    5.431000    0.000000     
     5  Si     0.000000    0.000000    5.431000     
     6  Si     5.431000    0.000000    5.431000     
     7  Si     5.431000    5.431000    5.431000     
     8  Si     0.000000    5.431000    5.431000     
     9  Si     2.715500    2.715500    0.000000     
    10  Si     2.715500    2.715500    5.431000    
    11  Si     2.715500    5.431000    2.715500    
    12  Si     0.000000    2.715500    2.715500   
    13  Si     5.431000    2.715500    2.715500    
    14  Si     2.715500    0.000000    2.715500   
    15  Si     1.357551    1.357551    4.055000    
    16  Si     1.357551    4.055000    1.381000    
    17  Si     4.091200    1.375750    1.381000    
    18  Si     4.091200    4.055000    4.055000    
    19  Ar     7.091200    7.055000    7.055000 
    20  He     8.000000	   8.000000    8.000000
20 atoms
     1  Si     0.000000    0.000000    0.000000     
     2  Si     6.431000    0.000000    0.000000     
     3  Si     6.431000    6.431000    0.000000     
     4  Si     0.000000    5.431000    0.000000     
     5  Si     0.000000    0.000000    5.431000     
     6  Si     5.431000    0.000000    6.431000     
     7  Si     5.431000    5.431000    5.431000     
     8  Si     0.000000    5.431000    6.431000     
     9  Si     2.715500    2.715500    0.000000     
    10  Si     2.715500    2.715500    5.431000    
    11  Si     2.715500    5.431000    2.715500    
    12  Si     0.000000    2.715500    2.715500   
    13  Si     5.431000    3.715500    2.715500    
    14  Si     2.715500    1.000000    2.715500   
    15  Si     1.357551    1.357551    4.055000    
    16  Si     1.357551    5.055000    1.381000    
    17  Si     3.091200    1.375750    1.381000    
    18  Si     6.091200    4.055000    4.055000    
    19  Ar     7.091200    9.055000    7.055000 
    20  He     8.000000	   9.000000    8.000000	    